timestamps,X,Y,Z
1689806422.970,-1.593,2.565,0.807
1689806422.970,-1.951,2.908,0.658
1689806422.970,-1.817,2.968,0.471
1689806423.027,-1.578,2.908,1.017
1689806423.027,-1.675,2.512,0.748
1689806423.027,-1.929,2.251,0.665
1689806423.086,-2.460,2.624,0.568
1689806423.086,-2.437,3.043,0.852
1689806423.086,-2.512,3.342,0.389
1689806423.162,-2.408,3.155,-0.067
1689806423.162,-2.370,2.908,0.067
1689806423.162,-2.034,2.834,0.359
1689806423.222,-2.079,2.886,0.404
1689806423.222,-2.041,2.879,0.598
1689806423.222,-1.772,2.714,0.606
1689806423.255,-1.600,2.542,1.099
1689806423.255,-1.667,2.505,1.174
1689806423.255,-1.817,2.901,1.391
1689806423.311,-2.452,2.894,1.256
1689806423.311,-2.221,2.953,0.972
1689806423.311,-1.989,3.021,1.084
1689806423.371,-1.293,2.976,1.144
1689806423.371,-1.922,3.170,0.643
1689806423.371,-2.280,3.290,0.493
1689806423.431,-2.153,3.708,0.733
1689806423.431,-1.869,3.948,0.793
1689806423.431,-2.056,3.933,0.905
1689806423.495,-2.041,3.604,0.957
1689806423.495,-2.191,3.028,1.189
1689806423.495,-2.079,2.497,1.473
1689806423.539,-1.944,1.854,1.413
1689806423.539,-1.645,1.720,1.450
1689806423.539,-1.593,2.041,1.480
1689806423.602,-1.503,2.153,1.465
1689806423.602,-1.503,2.273,0.987
1689806423.602,-1.593,2.475,0.194
1689806423.656,-1.922,2.849,-0.658
1689806423.656,-1.847,3.327,-1.391
1689806423.656,-1.690,3.656,-2.460
1689806423.717,-1.981,3.985,-3.028
1689806423.717,-1.966,3.604,-3.507
1689806423.717,-2.079,3.417,-3.080
1689806423.776,-2.236,3.163,-2.101
1689806423.776,-1.877,2.774,-1.936
1689806423.776,-1.899,2.452,-1.593
1689806423.822,-1.862,1.862,-1.271
1689806423.822,-1.675,1.555,-0.837
1689806423.822,-1.316,1.391,-0.852
1689806423.884,-0.935,1.406,-1.570
1689806423.884,-0.860,1.376,-2.310
1689806423.884,-0.479,1.488,-2.804
1689806423.941,-0.090,1.488,-2.908
1689806423.941,0.097,1.338,-2.677
1689806423.941,-0.576,0.957,-2.183
1689806423.987,-1.122,0.673,-1.779
1689806423.987,-1.981,1.136,-0.576
1689806423.987,-1.892,1.779,0.157
1689806424.052,-1.757,2.168,1.211
1689806424.052,-1.630,2.131,1.563
1689806424.052,-1.316,1.600,1.914
1689806424.106,-0.897,1.107,2.834
1689806424.106,-0.845,0.665,3.245
1689806424.106,-1.241,0.471,3.417
1689806424.166,-1.428,0.561,3.290
1689806424.166,-1.024,0.740,2.662
1689806424.166,-1.383,0.822,1.936
1689806424.226,-1.383,0.867,1.062
1689806424.226,-1.406,1.316,0.277
1689806424.226,-1.495,1.959,-0.067
1689806424.302,-1.391,2.153,-0.538
1689806424.302,-1.593,2.333,-0.920
1689806424.302,-1.824,2.512,-0.568
1689806424.333,-2.094,2.318,-0.307
1689806424.333,-2.340,2.422,0.277
1689806424.333,-2.430,2.303,0.307
1689806424.394,-2.303,2.288,0.374
1689806424.394,-2.475,2.325,0.419
1689806424.394,-2.452,2.460,0.404
1689806424.442,-2.624,2.460,0.239
1689806424.442,-2.699,2.475,0.172
1689806424.442,-2.505,2.265,-0.142
1689806424.497,-2.393,2.355,-0.172
1689806424.497,-2.258,2.116,-0.120
1689806424.497,-2.056,1.817,-0.045
1689806424.572,-2.408,1.899,-0.105
1689806424.572,-2.370,0.000,-0.194
1689806424.572,-2.251,2.849,0.209
1689806424.632,-2.108,3.088,0.576
1689806424.632,-2.385,2.991,0.882
1689806424.632,-2.258,2.415,0.755
1689806424.691,-2.243,2.071,0.763
1689806424.691,-2.206,2.049,0.830
1689806424.691,-1.847,2.056,0.292
1689806424.722,-1.742,2.168,-0.351
1689806424.722,-1.480,2.430,-0.531
1689806424.722,-1.346,2.654,-0.486
1689806424.781,-1.488,2.535,-0.336
1689806424.781,-1.779,1.996,0.022
1689806424.781,-1.503,1.877,0.314
1689806424.872,-1.548,2.026,0.598
1689806424.872,-1.899,2.482,0.613
1689806424.872,-2.079,2.460,0.860
1689806424.901,-2.168,2.550,0.733
1689806424.901,-2.348,2.722,0.688
1689806424.901,-2.086,2.624,0.778
1689806424.962,-1.929,2.393,0.807
1689806424.962,-2.094,2.310,0.979
1689806424.962,-1.697,2.430,1.264
1689806425.023,-1.578,2.258,1.264
1689806425.023,-1.578,1.929,1.458
1689806425.023,-1.779,1.989,1.765
1689806425.066,-1.892,2.168,1.966
1689806425.066,-1.660,2.804,1.869
1689806425.066,-0.942,3.103,1.593
1689806425.130,-1.189,3.581,1.226
1689806425.130,-2.011,3.634,0.591
1689806425.130,-2.385,4.015,0.471
1689806425.190,-2.303,4.703,0.426
1689806425.190,-2.273,4.965,0.583
1689806425.190,-2.677,5.017,0.763
1689806425.246,-3.237,4.673,1.002
1689806425.246,-3.073,4.576,1.241
1689806425.246,-3.006,4.636,1.286
1689806425.291,-2.505,4.523,1.219
1689806425.291,-2.123,4.374,1.174
1689806425.291,-1.428,4.202,1.226
1689806425.351,-1.308,3.686,1.271
1689806425.351,-1.316,3.260,1.054
1689806425.351,-1.323,2.923,0.815
1689806425.429,-1.219,3.118,0.837
1689806425.429,-1.159,3.372,0.837
1689806425.429,-1.578,3.387,0.807
1689806425.461,-2.026,2.923,0.434
1689806425.461,-2.265,2.968,0.449
1689806425.461,-2.348,3.088,0.209
1689806425.516,-2.512,3.200,0.553
1689806425.516,-2.101,3.193,0.538
1689806425.516,-2.049,3.327,0.598
1689806425.576,-1.757,3.484,0.785
1689806425.576,-1.136,3.551,1.107
1689806425.576,-1.271,3.365,1.077
1689806425.636,-1.301,2.976,1.129
1689806425.636,-0.979,3.058,1.540
1689806425.636,-0.979,3.320,2.116
1689806425.697,-1.174,3.372,1.936
1689806425.697,-1.540,3.350,1.779
1689806425.697,-1.421,3.626,1.735
1689806425.742,-1.802,4.112,2.243
1689806425.742,-1.750,4.381,2.310
1689806425.742,-1.996,3.948,2.333
1689806425.819,-2.213,3.409,1.892
1689806425.819,-2.116,3.320,1.690
1689806425.819,-1.824,3.178,1.286
1689806425.862,-1.809,3.163,1.174
1689806425.862,-1.615,3.185,1.211
1689806425.862,-1.331,2.938,1.458
1689806425.937,-1.533,2.916,1.750
1689806425.937,-1.637,2.512,1.219
1689806425.937,-2.094,2.572,1.361
1689806426.015,-2.041,2.699,0.882
1689806426.015,-2.467,3.058,0.643
1689806426.015,-2.482,3.051,0.007
1689806426.026,-3.155,2.908,-0.135
1689806426.026,-3.223,2.318,-0.673
1689806426.026,-3.312,1.966,-1.084
1689806426.101,-3.649,1.847,-1.301
1689806426.101,-4.434,1.338,-1.391
1689806426.101,-4.740,1.069,-1.398
1689806426.146,-4.292,0.336,-1.510
1689806426.146,-4.411,-0.299,-1.772
1689806426.146,-4.591,-0.950,-2.385
1689806426.211,-4.598,-1.346,-2.602
1689806426.211,-4.060,-1.682,-2.467
1689806426.211,-3.918,-2.123,-2.460
1689806426.255,-4.232,-2.430,-2.714
1689806426.255,-5.451,-1.742,-2.609
1689806426.255,-6.871,0.179,-2.445
1689806426.311,-7.701,2.019,-3.118
1689806426.311,-8.853,2.587,-4.494
1689806426.311,-9.810,1.809,-6.153
1689806426.386,-10.049,0.583,-7.701
1689806426.386,-9.668,-0.710,-8.860
1689806426.386,-8.329,-1.667,-9.817
1689806426.431,-6.811,-2.437,-10.370
1689806426.431,-5.353,-3.065,-10.826
1689806426.431,-4.778,-4.494,-11.739
1689806426.493,-5.249,-5.869,-12.740
1689806426.493,-5.824,-6.938,-13.376
1689806426.493,-6.737,-7.185,-13.795
1689806426.539,-7.611,-7.013,-14.236
1689806426.539,-8.666,-6.325,-13.944
1689806426.539,-9.458,-5.309,-14.236
1689806426.596,-10.221,-4.202,-14.056
1689806426.596,-10.011,-2.789,-12.815
1689806426.596,-9.481,-1.996,-11.365
1689806426.656,-8.284,-2.228,-9.555
1689806426.656,-7.559,-2.856,-7.589
1689806426.656,-7.170,-4.224,-6.004
1689806426.702,-6.408,-5.615,-4.292
1689806426.702,-6.378,-6.886,-3.237
1689806426.702,-6.497,-7.768,-2.774
1689806426.776,-6.131,-8.860,-2.886
1689806426.776,-5.757,-9.249,-2.796
1689806426.776,-4.830,-9.451,-3.223
1689806426.824,-5.189,-9.608,-3.888
1689806426.824,-5.854,-8.897,-4.030
1689806426.824,-5.712,-7.238,-3.918
1689806426.881,-5.181,-5.309,-3.080
1689806426.881,-4.411,-2.400,-1.555
1689806426.881,-3.843,0.785,0.142
1689806426.941,-3.095,2.624,1.241
1689806426.941,-2.587,4.194,2.168
1689806426.941,-2.759,4.351,2.886
1689806426.986,-3.305,3.738,3.223
1689806426.986,-3.596,2.841,3.350
1689806426.986,-3.903,1.548,3.529
1689806427.052,-3.903,-0.344,3.566
1689806427.052,-4.097,-1.959,3.290
1689806427.052,-5.271,-2.991,2.923
1689806427.106,-6.079,-2.864,2.385
1689806427.106,-7.021,-1.697,1.593
1689806427.106,-7.208,-0.015,1.219
1689806427.166,-6.946,1.892,0.860
1689806427.166,-6.400,3.619,0.411
1689806427.166,-6.011,4.845,0.000
1689806427.211,-6.146,5.697,-0.232
1689806427.211,-6.064,5.832,-0.568
1689806427.211,-5.353,5.907,-0.613
1689806427.271,-4.023,5.772,-0.837
1689806427.271,-2.273,5.630,-0.127
1689806427.271,-1.009,5.084,0.329
1689806427.336,-0.022,4.494,0.882
1689806427.336,0.329,3.417,1.107
1689806427.336,0.830,2.378,1.465
1689806427.406,0.785,1.480,1.854
1689806427.406,1.436,1.122,2.654
1689806427.406,2.146,1.047,3.753
1689806427.451,1.989,1.436,4.748
1689806427.451,1.869,2.408,5.391
1689806427.451,1.608,3.163,6.011
1689806427.496,1.234,3.267,6.587
1689806427.496,1.622,3.439,7.290
1689806427.496,2.490,3.051,7.910
1689806427.557,3.252,2.826,8.733
1689806427.557,4.224,2.729,9.443
1689806427.557,4.920,2.826,9.780
1689806427.618,5.436,2.751,10.385
1689806427.618,5.563,2.617,10.228
1689806427.618,5.398,2.131,9.959
1689806427.665,5.645,1.667,8.950
1689806427.665,6.714,1.271,7.626
1689806427.665,6.998,1.099,5.817
1689806427.721,6.535,1.151,3.806
1689806427.721,6.333,1.570,1.787
1689806427.721,6.094,1.750,0.621
1689806427.781,6.094,1.540,0.037
1689806427.781,5.817,0.935,0.217
1689806427.781,6.004,0.045,0.860
1689806427.845,6.056,-0.396,2.535
1689806427.845,6.071,-0.793,3.836
1689806427.845,5.271,-0.897,4.785
1689806427.902,3.903,-1.181,4.897
1689806427.902,2.976,-1.570,4.852
1689806427.902,2.751,-2.138,4.247
1689806427.946,3.282,-3.320,3.133
1689806427.946,3.731,-4.329,2.041
1689806427.946,3.649,-5.638,0.322
1689806428.008,4.292,-6.161,-0.658
1689806428.008,4.396,-5.780,-1.204
1689806428.008,4.897,-5.323,-1.092
1689806428.066,4.763,-4.583,-0.807
1689806428.066,4.770,-3.260,0.284
1689806428.066,5.570,-2.079,1.473
1689806428.130,5.959,-0.830,2.879
1689806428.130,5.884,0.404,4.359
1689806428.130,5.944,1.690,5.122
1689806428.177,6.295,2.542,5.316
1689806428.177,6.318,3.439,4.957
1689806428.177,5.705,4.112,3.880
1689806428.231,5.510,4.852,2.161
1689806428.231,5.391,5.615,0.396
1689806428.231,5.690,6.183,-1.226
1689806428.291,6.438,6.572,-2.408
1689806428.291,7.260,5.989,-3.454
1689806428.291,7.260,5.204,-3.694
1689806428.351,7.424,4.733,-2.834
1689806428.351,7.559,4.509,-1.593
1689806428.351,7.193,4.299,0.202
1689806428.414,6.707,3.402,1.652
1689806428.414,6.871,1.705,2.004
1689806428.414,7.507,-0.456,1.368
1689806428.472,7.753,-2.094,0.150
1689806428.472,8.142,-3.170,-1.518
1689806428.472,8.703,-3.252,-2.714
1689806428.516,9.525,-2.998,-3.394
1689806428.516,10.460,-2.766,-3.970
1689806428.516,10.535,-2.333,-4.905
1689806428.576,9.757,-3.507,-6.041
1689806428.576,9.107,-4.905,-6.026
1689806428.576,8.374,-4.957,-4.060
1689806428.636,8.516,-3.993,-1.525
1689806428.636,8.643,-1.645,1.264
1689806428.636,8.277,0.142,3.843
1689806428.697,6.677,1.802,5.451
1689806428.697,4.695,2.101,5.593
1689806428.697,1.705,2.348,5.600
1689806428.744,-0.262,2.527,5.294
1689806428.744,-1.892,2.744,5.645
1689806428.744,-2.871,2.475,6.243
1689806428.801,-3.327,2.781,6.759
1689806428.801,-3.574,2.983,7.305
1689806428.801,-4.299,2.759,7.215
1689806428.862,-5.054,2.273,6.565
1689806428.862,-5.877,2.340,5.660
1689806428.862,-6.251,1.608,4.396
1689806428.921,-6.692,1.249,3.424
1689806428.921,-5.989,0.374,2.475
1689806428.921,-5.495,-0.389,1.794
1689806428.969,-4.666,-1.742,1.204
1689806428.969,-3.551,-2.393,1.495
1689806428.969,-2.348,-2.273,2.751
1689806429.026,-1.735,-1.495,4.366
1689806429.026,-1.465,-0.890,5.697
1689806429.026,-1.518,-0.621,6.864
1689806429.086,-2.258,-0.636,8.135
1689806429.086,-2.766,-0.426,8.912
1689806429.086,-3.305,0.067,8.853
1689806429.146,-3.679,1.047,8.404
1689806429.146,-4.351,2.467,7.866
1689806429.146,-5.256,4.464,6.819
1689806429.191,-6.034,6.131,5.884
1689806429.191,-5.765,7.260,5.107
1689806429.191,-5.166,7.514,4.920
1689806429.255,-4.060,7.843,4.935
1689806429.255,-3.574,8.389,5.144
1689806429.255,-3.611,9.264,5.219
1689806429.311,-4.000,10.288,4.636
1689806429.311,-4.710,11.223,3.963
1689806429.311,-5.907,11.806,2.886
1689806429.371,-6.968,11.933,1.219
1689806429.371,-8.269,11.432,-0.359
1689806429.371,-8.927,10.527,-1.922
1689806429.416,-8.950,9.832,-3.447
1689806429.416,-9.002,8.890,-5.039
1689806429.416,-8.307,7.342,-6.340
1689806429.494,-7.694,5.839,-7.559
1689806429.494,-6.684,4.553,-8.097
1689806429.494,-5.720,2.991,-8.561
1689806429.538,-4.935,1.196,-9.137
1689806429.538,-4.180,-0.254,-9.346
1689806429.538,-2.849,-1.249,-9.466
1689806429.587,-1.981,-1.009,-9.069
1689806429.587,-1.450,-0.994,-8.441
1689806429.587,-0.606,-0.591,-8.426
1689806429.656,-0.314,-0.411,-7.910
1689806429.656,-0.217,0.037,-7.641
1689806429.656,0.015,0.419,-7.888
1689806429.701,-0.157,1.428,-7.499
1689806429.701,-0.007,2.781,-7.066
1689806429.701,0.314,4.284,-6.385
1689806429.767,-0.045,5.241,-5.428
1689806429.767,-0.194,5.480,-4.381
1689806429.767,-0.082,5.264,-3.320
1689806429.821,-0.007,4.404,-2.288
1689806429.821,0.187,3.798,-1.361
1689806429.821,0.209,3.477,-0.553
1689806429.896,0.598,3.447,-0.097
1689806429.896,1.002,3.970,0.082
1689806429.896,0.748,4.344,0.292
1689806429.926,0.867,4.546,0.179
1689806429.926,1.413,4.456,-0.673
1689806429.926,1.383,5.092,-1.376
1689806429.986,0.935,5.869,-2.363
1689806429.986,0.090,6.527,-4.172
1689806429.986,-1.114,6.826,-6.064
1689806430.052,-1.092,6.841,-7.365
1689806430.052,-0.643,7.223,-7.709
1689806430.052,-0.030,7.312,-7.350
1689806430.106,0.202,6.968,-6.580
1689806430.106,0.763,5.600,-6.333
1689806430.106,0.673,4.509,-5.623
1689806430.151,0.770,3.200,-5.204
1689806430.151,1.189,2.258,-5.264
1689806430.151,1.204,2.056,-5.353
1689806430.212,1.540,2.094,-5.675
1689806430.212,1.480,2.437,-6.587
1689806430.212,1.062,3.133,-7.365
1689806430.272,0.344,3.716,-7.963
1689806430.272,0.568,3.873,-8.561
1689806430.272,0.867,4.778,-8.725
1689806430.336,0.793,5.174,-8.681
1689806430.336,0.770,5.765,-8.516
1689806430.336,1.114,5.892,-8.067
1689806430.379,2.041,6.101,-7.260
1689806430.379,2.617,7.006,-6.004
1689806430.379,2.662,7.611,-5.159
1689806430.436,2.632,8.307,-4.112
1689806430.436,2.729,8.740,-3.118
1689806430.436,2.176,8.718,-2.303
1689806430.496,2.153,8.292,-1.600
1689806430.496,2.101,7.828,-1.264
1689806430.496,1.398,7.223,-1.181
1689806430.556,0.852,6.176,-1.406
1689806430.556,-0.060,5.234,-1.765
1689806430.556,-1.279,4.052,-2.452
1689806430.618,-1.630,3.043,-2.624
1689806430.618,-1.593,2.393,-2.572
1689806430.618,-0.972,1.951,-2.841
1689806430.663,-0.426,1.615,-3.402
1689806430.663,-0.120,1.742,-3.574
1689806430.663,0.239,2.766,-3.791
1689806430.726,0.344,3.469,-3.731
1689806430.726,0.120,3.836,-3.731
1689806430.726,-0.202,4.142,-3.013
1689806430.781,-0.755,4.150,-1.675
1689806430.781,-1.503,4.127,0.329
1689806430.781,-2.482,4.037,1.922
1689806430.842,-3.051,3.985,3.342
1689806430.842,-3.267,4.262,4.419
1689806430.842,-2.968,4.778,5.361
1689806430.892,-2.303,5.047,5.667
1689806430.892,-2.303,5.017,5.458
1689806430.892,-2.131,4.740,5.309
1689806430.946,-1.854,4.351,5.047
1689806430.946,-1.346,3.716,4.389
1689806430.946,-1.144,3.484,3.671
1689806431.006,-0.979,3.208,2.744
1689806431.006,-0.576,2.497,1.578
1689806431.006,-0.763,1.847,0.763
1689806431.066,-1.054,1.129,-0.351
1689806431.066,-0.867,0.568,-1.301
1689806431.066,-0.322,0.232,-1.817
1689806431.130,-0.471,0.172,-2.108
1689806431.130,-1.039,0.254,-2.295
1689806431.130,-1.264,0.396,-1.697
1689806431.177,-1.667,0.598,-1.032
1689806431.177,-1.720,1.084,-0.052
1689806431.177,-2.019,1.705,0.501
1689806431.231,-2.101,2.542,0.890
1689806431.231,-2.565,3.409,1.264
1689806431.231,-2.609,4.000,1.196
1689806431.291,-2.908,4.284,1.503
1689806431.291,-3.065,4.426,1.630
1689806431.291,-2.751,4.471,1.922
1689806431.352,-2.744,4.471,2.482
1689806431.352,-2.460,3.910,2.684
1689806431.352,-2.699,3.933,2.550
1689806431.427,-2.370,3.858,1.936
1689806431.427,-1.824,4.180,1.832
1689806431.427,-1.107,4.770,1.465
1689806431.461,-0.755,5.062,0.950
1689806431.461,-0.972,5.122,0.486
1689806431.461,-0.897,4.778,0.142
1689806431.516,-0.740,4.456,0.284
1689806431.516,-1.032,4.613,0.822
1689806431.516,-1.488,4.770,1.488
1689806431.576,-1.757,4.852,1.757
1689806431.576,-1.854,4.591,1.884
1689806431.576,-2.161,4.105,1.847
1689806431.636,-2.460,3.267,1.338
1689806431.636,-2.811,2.699,0.927
1689806431.636,-2.692,2.490,0.486
1689806431.696,-2.490,2.011,-0.307
1689806431.696,-2.804,1.892,-0.628
1689806431.696,-2.737,1.772,-0.927
1689806431.742,-2.467,1.608,-1.054
1689806431.742,-2.273,1.196,-0.852
1689806431.742,-2.565,1.331,-0.650
1689806431.801,-2.669,1.264,-0.314
1689806431.801,-2.647,1.099,-0.262
1689806431.801,-2.751,0.882,-0.135
1689806431.861,-2.894,1.054,0.179
1689806431.861,-2.976,1.204,0.374
1689806431.861,-2.789,1.510,0.262
1689806431.906,-2.318,1.637,0.344
1689806431.906,-1.600,1.877,0.755
1689806431.906,-1.585,1.996,0.688
1689806431.969,-1.824,2.258,0.546
1689806431.969,-2.168,2.759,0.867
1689806431.969,-1.765,3.424,1.196
1689806432.026,-1.750,3.933,1.570
1689806432.026,-1.727,4.037,1.495
1689806432.026,-2.310,3.753,1.450
1689806432.086,-2.714,3.716,1.510
1689806432.086,-2.789,3.731,1.301
1689806432.086,-2.512,3.858,0.822
1689806432.146,-2.378,4.344,0.336
1689806432.146,-2.138,3.993,0.322
1689806432.146,-2.108,3.537,0.157
1689806432.192,-2.206,3.036,0.194
1689806432.192,-1.869,2.430,0.247
1689806432.192,-1.877,2.452,0.553
1689806432.255,-2.086,2.774,0.905
1689806432.255,-2.273,2.961,0.763
1689806432.255,-2.677,2.811,0.531
1689806432.327,-2.908,2.624,0.164
1689806432.327,-2.617,2.370,-0.142
1689806432.327,-2.198,2.430,0.090
1689806432.371,-1.974,2.714,0.015
1689806432.371,-2.011,2.856,0.060
1689806432.371,-1.779,2.901,0.546
1689806432.431,-1.765,2.991,0.740
1689806432.431,-2.026,3.245,0.680
1689806432.431,-2.265,3.125,0.411
1689806432.491,-1.929,3.058,0.830
1689806432.491,-1.226,2.916,0.815
1689806432.491,-1.480,2.766,0.778
1689806432.538,-1.682,2.460,0.359
1689806432.538,-2.019,2.953,0.636
1689806432.538,-2.034,3.454,1.301
1689806432.646,-2.168,3.522,1.667
1689806432.646,-2.034,3.671,1.578
1689806432.646,-2.213,3.350,1.308
1689806432.651,-2.183,3.200,1.338
1689806432.651,-2.079,3.110,1.234
1689806432.651,-1.899,3.036,1.114
1689806432.716,-1.705,2.923,1.383
1689806432.716,-1.779,2.632,1.361
1689806432.716,-1.757,1.794,1.323
1689806432.767,-1.936,1.436,1.458
1689806432.767,-1.817,1.196,1.196
1689806432.767,-1.959,1.495,1.518
1689806432.821,-2.647,0.000,1.779
1689806432.821,-2.871,2.131,1.503
1689806432.821,-2.908,1.959,1.039
1689806432.868,-2.789,1.772,0.867
1689806432.868,-2.819,2.019,0.673
1689806432.868,-2.856,2.295,0.299
1689806432.926,-3.073,2.744,0.217
1689806432.926,-2.953,2.894,0.284
1689806432.926,-2.467,2.931,0.202
1689806432.986,-2.280,2.946,0.299
1689806432.986,-2.864,2.946,0.464
1689806432.986,-2.557,2.826,0.314
1689806433.067,-1.899,2.714,0.561
1689806433.067,-1.652,2.587,0.740
1689806433.067,-2.168,2.408,0.493
1689806433.094,-2.265,2.385,0.209
1689806433.094,-2.153,2.976,0.396
1689806433.094,-1.944,3.350,0.419
1689806433.156,-2.176,3.537,0.434
1689806433.156,-2.587,3.551,0.755
1689806433.156,-2.535,3.424,0.598
1689806433.212,-2.602,3.118,0.718
1689806433.212,-2.647,2.774,0.598
1689806433.212,-2.811,2.796,0.389
1689806433.271,-2.811,3.043,0.254
1689806433.271,-2.422,3.178,0.322
1689806433.271,-2.243,3.380,0.366
1689806433.362,-2.460,2.968,0.052
1689806433.362,-2.737,2.310,0.262
1689806433.362,-2.796,1.809,0.284
1689806433.392,-2.684,1.645,0.082
1689806433.392,-3.028,1.914,0.150
1689806433.392,-3.193,1.981,0.172
1689806433.441,-3.058,2.153,0.030
1689806433.441,-2.744,2.482,-0.082
1689806433.441,-2.781,2.632,-0.396
1689806433.496,-3.013,3.080,-0.179
1689806433.496,-2.983,3.200,-0.344
1689806433.496,-2.886,2.729,-0.852
1689806433.571,-2.796,3.125,-0.740
1689806433.571,-2.355,2.968,-0.606
1689806433.571,-2.408,2.796,-0.299
1689806433.618,-2.325,2.766,-0.097
1689806433.618,-1.922,2.400,0.150
1689806433.618,-2.168,2.011,0.553
1689806433.677,-2.325,1.966,1.002
1689806433.677,-1.847,2.303,1.219
1689806433.677,-1.720,2.707,1.533
1689806433.721,-1.637,3.626,1.645
1689806433.721,-2.086,4.322,1.600
1689806433.721,-2.146,4.494,1.376
1689806433.781,-1.951,4.449,1.316
1689806433.781,-1.809,4.150,1.002
1689806433.781,-1.869,4.531,0.740
1689806433.841,-1.892,4.890,0.710
1689806433.841,-1.525,4.980,0.307
1689806433.841,-1.839,4.621,0.284
1689806433.917,-1.922,4.441,0.292
1689806433.917,-1.847,4.023,0.262
1689806433.917,-1.735,3.776,0.292
1689806433.946,-2.079,4.254,0.456
1689806433.946,-2.310,4.389,0.553
1689806433.946,-2.692,4.479,0.815
1689806434.006,-2.460,4.456,0.807
1689806434.006,-2.490,4.598,0.897
1689806434.006,-2.512,4.277,1.308
1689806434.066,-2.774,3.828,1.099
1689806434.066,-2.737,3.537,1.204
1689806434.066,-2.355,3.409,1.084
1689806434.127,-2.295,3.365,1.376
1689806434.127,-1.989,3.148,1.084
1689806434.127,-2.258,3.148,0.785
1689806434.176,-2.393,3.230,0.755
1689806434.176,-2.116,3.417,0.920
1689806434.176,-1.794,3.499,1.024
1689806434.235,-2.056,3.260,1.122
1689806434.235,-2.460,3.200,0.725
1689806434.235,-2.041,3.806,0.793
1689806434.291,-1.660,4.471,1.323
1689806434.291,-1.600,4.845,1.436
1689806434.291,-1.443,4.703,1.323
1689806434.351,-1.877,4.546,1.645
1689806434.351,-2.004,4.344,1.817
1689806434.351,-2.004,3.888,1.697
1689806434.396,-2.243,3.776,1.660
1689806434.396,-2.400,3.432,1.503
1689806434.396,-2.153,3.155,1.750
1689806434.461,-2.138,2.826,1.794
1689806434.461,-2.206,2.722,1.712
1689806434.461,-1.951,2.445,1.847
1689806434.519,-2.056,2.512,2.004
1689806434.519,-1.862,3.006,1.697
1689806434.519,-2.437,3.477,1.480
1689806434.576,-2.841,3.806,1.323
1689806434.576,-2.744,4.172,1.488
1689806434.576,-2.707,4.396,2.467
1689806434.621,-2.781,4.561,3.738
1689806434.621,-3.641,5.002,5.952
1689806434.621,-4.935,5.279,8.778
1689806434.699,-5.922,5.608,11.970
1689806434.699,-6.804,5.854,15.223
1689806434.699,-7.985,6.056,18.266
1689806434.742,-9.294,6.684,20.808
1689806434.742,-10.243,6.894,22.819
1689806434.742,-10.819,6.991,24.172
1689806434.816,-10.408,6.699,24.778
1689806434.816,-10.281,6.662,24.793
1689806434.816,-10.116,6.744,24.300
1689806434.865,-9.914,6.684,23.971
1689806434.865,-9.204,6.752,22.587
1689806434.865,-8.651,6.864,21.212
1689806434.906,-8.053,6.535,19.544
1689806434.906,-6.737,6.168,17.309
1689806434.906,-5.675,5.540,15.230
1689806434.984,-4.613,4.957,12.838
1689806434.984,-3.970,4.359,10.139
1689806434.984,-2.819,3.948,6.737
1689806435.032,-1.473,3.312,3.178
1689806435.032,-0.329,2.467,-0.523
1689806435.032,0.284,1.211,-4.464
1689806435.086,1.338,0.486,-8.075
1689806435.086,2.639,0.292,-10.669
1689806435.086,3.282,0.822,-13.167
1689806435.131,3.738,1.383,-15.290
1689806435.131,3.948,1.892,-16.756
1689806435.131,3.806,2.251,-17.301
1689806435.191,3.641,2.355,-17.309
1689806435.191,3.230,2.288,-16.875
1689806435.191,2.707,2.011,-15.387
1689806435.270,2.325,1.951,-14.086
1689806435.270,1.779,1.869,-12.561
1689806435.270,1.346,2.370,-10.497
1689806435.301,0.748,2.475,-8.897
1689806435.301,-0.419,2.707,-6.968
1689806435.301,-1.301,2.864,-5.107
1689806435.371,-1.847,3.357,-3.163
1689806435.371,-2.034,3.163,-1.361
1689806435.371,-2.452,3.118,0.277
1689806435.421,-3.133,3.469,1.436
1689806435.421,-3.507,3.993,2.325
1689806435.421,-3.215,4.523,2.901
1689806435.476,-3.230,4.950,3.230
1689806435.476,-3.043,4.778,2.557
1689806435.476,-2.452,4.202,1.839
1689806435.539,-2.123,3.380,1.062
1689806435.539,-1.877,3.260,0.389
1689806435.539,-1.832,2.901,-0.105
1689806435.586,-1.525,2.729,-0.636
1689806435.586,-1.069,2.699,-0.449
1689806435.586,-1.533,2.699,-0.411
1689806435.641,-2.116,2.176,-0.606
1689806435.641,-2.138,1.922,-0.688
1689806435.641,-1.951,1.899,-0.396
1689806435.701,-2.056,2.340,-0.239
1689806435.701,-2.520,2.692,0.045
1689806435.701,-2.482,3.006,-0.127
1689806435.792,-2.422,2.998,-0.224
1689806435.792,-2.445,2.953,-0.299
1689806435.792,-2.856,3.178,-0.022
1689806435.816,-2.594,3.208,-0.135
1689806435.816,-2.355,3.492,0.322
1689806435.816,-1.809,3.866,0.755
1689806435.881,-1.331,4.426,0.920
1689806435.881,-1.077,4.852,0.733
1689806435.881,-1.510,4.950,0.740
1689806435.929,-1.570,5.264,1.234
1689806435.929,-1.032,5.488,1.136
1689806435.929,-0.793,5.241,1.166
1689806435.986,-0.972,4.882,0.867
1689806435.986,-1.002,4.785,0.456
1689806435.986,-1.069,4.845,-0.090
1689806436.051,-1.084,4.860,-0.202
1689806436.051,-1.480,4.957,0.000
1689806436.051,-1.637,4.479,0.179
1689806436.094,-1.757,4.202,0.164
1689806436.094,-1.585,3.776,0.194
1689806436.094,-1.615,3.387,0.172
1689806436.154,-1.944,3.402,0.232
1689806436.154,-1.779,3.043,0.359
1689806436.154,-1.308,2.946,0.351
1689806436.211,-1.510,2.759,0.523
1689806436.211,-1.495,2.221,0.508
1689806436.211,-1.839,2.019,0.852
1689806436.271,-1.996,2.019,0.965
1689806436.271,-2.318,2.565,0.703
1689806436.271,-2.527,2.624,0.142
1689806436.336,-2.609,2.774,-0.404
1689806436.336,-2.333,2.961,-0.695
1689806436.336,-2.094,3.237,-0.965
1689806436.394,-2.123,3.439,-1.204
1689806436.394,-2.310,3.753,-1.129
1689806436.394,-2.243,3.477,-0.912
1689806436.436,-2.056,3.477,-0.449
1689806436.436,-1.675,3.230,0.277
1689806436.436,-2.019,2.781,0.628
1689806436.496,-2.146,2.565,0.800
1689806436.496,-1.862,2.430,1.144
1689806436.496,-1.862,2.565,1.570
1689806436.556,-1.989,2.647,1.585
1689806436.556,-2.071,2.744,1.077
1689806436.556,-1.966,3.342,1.024
1689806436.617,-1.682,4.030,1.039
1689806436.617,-1.959,4.561,1.069
1689806436.617,-2.123,4.449,0.830
1689806436.662,-2.505,4.135,0.860
1689806436.662,-1.892,3.417,1.024
1689806436.662,-2.116,3.163,1.510
1689806436.721,-2.176,2.557,1.533
1689806436.721,-2.355,2.348,1.809
1689806436.721,-2.460,2.579,2.049
1689806436.781,-2.333,2.004,1.608
1689806436.781,-2.961,1.884,1.323
1689806436.781,-2.871,2.123,1.047
1689806436.827,-2.654,2.632,0.807
1689806436.827,-2.669,3.073,0.411
1689806436.827,-2.871,3.731,0.374
1689806436.892,-2.983,3.903,0.299
1689806436.892,-2.609,3.551,0.037
1689806436.892,-3.028,3.641,0.688
1689806436.946,-2.482,3.686,1.062
1689806436.946,-2.624,3.462,1.563
1689806436.946,-2.505,3.320,2.153
1689806437.007,-2.303,2.901,2.452
1689806437.007,-2.737,2.849,2.221
1689806437.007,-2.976,2.766,2.011
1689806437.066,-2.991,3.140,1.907
1689806437.066,-2.976,3.260,1.593
1689806437.066,-2.677,3.043,1.473
1689806437.111,-2.834,2.632,0.606
1689806437.111,-2.961,2.819,-0.142
1689806437.111,-3.080,3.424,-0.045
1689806437.176,-2.692,3.948,0.336
1689806437.176,-2.707,4.180,0.628
1689806437.176,-2.894,4.082,0.935
1689806437.231,-2.729,3.574,1.189
1689806437.231,-2.579,2.834,1.271
1689806437.231,-2.079,2.146,1.578
1689806437.291,-1.877,2.004,1.996
1689806437.291,-1.578,2.280,2.079
1689806437.291,-1.301,1.959,2.198
1689806437.336,-1.600,1.794,2.497
1689806437.336,-1.787,1.637,2.475
1689806437.336,-1.854,1.593,2.310
1689806437.396,-1.585,1.877,2.146
1689806437.396,-1.570,2.400,1.951
1689806437.396,-2.198,3.073,1.787
1689806437.461,-2.408,3.424,1.548
1689806437.461,-1.974,3.537,1.159
1689806437.461,-2.041,3.626,1.301
1689806437.516,-1.712,3.551,1.765
1689806437.516,-1.518,3.058,1.286
1689806437.516,-1.645,3.118,1.585
1689806437.576,-1.922,3.013,2.206
1689806437.576,-1.465,2.744,2.415
1689806437.576,-1.765,2.557,2.901
1689806437.621,-1.899,2.482,3.028
1689806437.621,-1.779,2.452,3.469
1689806437.621,-1.667,2.654,4.112
1689806437.681,-1.436,2.153,4.277
1689806437.681,-1.966,2.325,4.718
1689806437.681,-2.251,2.692,5.346
1689806437.757,-2.759,3.439,6.497
1689806437.757,-2.751,4.217,7.155
1689806437.757,-3.260,4.793,7.716
1689806437.788,-3.417,4.845,8.374
1689806437.788,-3.275,4.703,9.062
1689806437.788,-3.596,4.531,9.226
1689806437.846,-3.342,4.239,9.107
1689806437.846,-3.006,4.254,8.778
1689806437.846,-2.796,4.314,8.284
1689806437.906,-2.408,4.419,7.843
1689806437.906,-2.116,4.008,7.447
1689806437.906,-1.705,3.768,6.101
1689806437.969,-1.884,3.499,5.623
1689806437.969,-2.161,3.514,5.279
1689806437.969,-2.288,3.499,4.695
1689806438.017,-2.879,3.611,4.292
1689806438.017,-2.789,3.895,4.239
1689806438.017,-2.983,3.649,4.015
1689806438.073,-2.871,3.768,4.150
1689806438.073,-2.841,3.701,4.194
1689806438.073,-2.692,3.275,3.940
1689806438.131,-2.864,3.380,3.978
1689806438.131,-2.871,3.215,4.030
1689806438.131,-2.565,3.417,4.165
1689806438.191,-2.796,3.679,4.419
1689806438.191,-2.804,3.701,4.052
1689806438.191,-2.871,3.402,4.157
1689806438.254,-2.826,3.507,4.479
1689806438.254,-2.497,3.387,4.404
1689806438.254,-2.572,3.424,4.673
1689806438.301,-2.258,4.023,5.159
1689806438.301,-1.847,4.837,5.892
1689806438.301,-1.854,5.391,6.325
1689806438.356,-2.004,5.697,6.759
1689806438.356,-2.714,5.264,7.499
1689806438.356,-2.684,5.181,7.925
1689806438.416,-2.647,4.852,8.598
1689806438.416,-2.849,4.905,9.211
1689806438.416,-3.447,5.264,9.839
1689806438.476,-3.978,6.011,10.625
1689806438.476,-4.531,6.550,11.118
1689806438.476,-5.114,7.155,11.776
1689806438.537,-5.585,7.200,12.254
1689806438.537,-6.168,6.938,12.606
1689806438.537,-6.617,6.991,13.354
1689806438.586,-7.372,7.275,14.512
1689806438.586,-8.097,7.066,15.073
1689806438.586,-8.927,6.512,15.484
1689806438.641,-9.615,5.271,15.574
1689806438.641,-10.206,4.591,15.679
1689806438.641,-10.318,4.322,16.157
1689806438.701,-9.974,4.568,16.255
1689806438.701,-9.122,5.166,15.716
1689806438.701,-8.673,6.056,15.477
1689806438.761,-7.910,6.767,14.879
1689806438.761,-7.066,6.654,13.847
1689806438.761,-6.752,6.385,12.441
1689806438.809,-6.669,5.795,11.133
1689806438.809,-6.931,5.368,10.864
1689806438.809,-6.983,4.471,10.946
1689806438.867,-7.484,3.783,10.834
1689806438.867,-7.709,3.664,10.475
1689806438.867,-7.410,3.664,10.206
1689806438.926,-7.327,4.142,9.899
1689806438.926,-7.140,4.830,9.496
1689806438.926,-6.475,5.286,8.456
1689806438.986,-6.452,5.608,7.439
1689806438.986,-6.064,6.213,6.370
1689806438.986,-5.645,6.924,5.286
1689806439.046,-4.980,7.245,4.097
1689806439.046,-4.636,7.724,2.781
1689806439.046,-3.746,8.045,2.146
1689806439.109,-3.006,7.424,1.308
1689806439.109,-3.013,6.557,0.755
1689806439.109,-2.804,5.540,0.052
1689806439.151,-2.572,4.740,-0.336
1689806439.151,-2.744,4.366,-0.516
1689806439.151,-2.333,3.963,-0.830
1689806439.211,-2.280,3.918,-0.449
1689806439.211,-2.662,3.970,-0.239
1689806439.211,-2.677,3.708,0.015
1689806439.271,-2.624,3.604,0.314
1689806439.271,-2.991,3.701,0.381
1689806439.271,-3.335,4.060,0.561
1689806439.332,-3.013,4.299,0.703
1689806439.332,-2.849,4.725,0.897
1689806439.332,-2.931,5.159,0.905
1689806439.379,-3.088,5.129,0.621
1689806439.379,-3.305,4.778,0.434
1689806439.379,-2.841,4.897,0.359
1689806439.451,-2.071,5.054,0.411
1689806439.451,-1.495,4.852,0.703
1689806439.451,-1.959,4.636,0.583
1689806439.496,-1.765,4.882,0.045
1689806439.496,-1.757,5.077,0.680
1689806439.496,-1.555,5.062,1.122
1689806439.542,-1.772,5.039,1.540
1689806439.542,-1.667,4.591,1.809
1689806439.542,-1.555,4.299,1.802
1689806439.617,-1.615,4.127,1.892
1689806439.617,-1.787,4.187,2.138
1689806439.617,-2.123,4.120,2.094
1689806439.662,-1.974,3.970,2.131
1689806439.662,-1.458,3.753,2.228
1689806439.662,-1.421,3.357,2.168
1689806439.721,-1.181,3.095,1.787
1689806439.721,-1.234,3.065,1.660
1689806439.721,-0.905,3.021,1.398
1689806439.781,-0.763,2.983,0.262
1689806439.781,-0.927,2.804,-1.578
1689806439.781,-0.037,2.796,-4.082
1689806439.826,1.002,2.759,-6.729
1689806439.826,2.325,2.849,-9.578
1689806439.826,3.469,2.998,-11.948
1689806439.892,4.509,2.811,-14.699
1689806439.892,5.256,2.737,-16.673
1689806439.892,5.368,2.639,-18.004
1689806439.946,5.862,2.505,-19.148
1689806439.946,5.585,2.378,-19.926
1689806439.946,5.406,1.989,-20.442
1689806440.006,5.301,1.824,-20.300
1689806440.006,5.084,1.293,-19.971
1689806440.006,4.411,0.374,-20.561
1689806440.052,3.252,-0.247,-21.436
1689806440.052,2.131,-0.419,-22.072
1689806440.052,1.181,-0.239,-22.086
1689806440.111,1.600,-0.277,-21.922
1689806440.111,1.622,0.045,-21.189
1689806440.111,1.667,0.239,-20.457
1689806440.191,2.153,0.157,-19.686
1689806440.191,2.647,-0.179,-18.281
1689806440.191,2.714,-0.322,-16.987
1689806440.231,2.707,-0.209,-15.417
1689806440.231,3.394,-0.075,-13.802
1689806440.231,3.477,-0.030,-12.681
1689806440.291,3.058,-0.022,-11.559
1689806440.291,2.445,0.179,-10.490
1689806440.291,2.019,0.680,-9.727
1689806440.337,1.667,1.241,-8.808
1689806440.337,1.219,1.682,-8.277
1689806440.337,0.755,2.236,-7.619
1689806440.396,0.307,2.879,-7.230
1689806440.396,-0.434,3.694,-6.430
1689806440.396,-1.151,4.374,-5.772
1689806440.460,-1.996,4.396,-5.092
1689806440.460,-1.772,4.695,-4.120
1689806440.460,-1.376,4.404,-3.215
1689806440.504,-1.301,3.783,-2.482
1689806440.504,-1.772,3.619,-1.465
1689806440.504,-2.796,3.671,-0.785
1689806440.561,-3.028,3.439,-0.576
1689806440.561,-3.013,3.604,-0.456
1689806440.561,-3.776,4.194,-0.239
1689806440.621,-4.030,4.837,-0.426
1689806440.621,-4.090,5.256,-0.426
1689806440.621,-4.127,5.892,-0.591
1689806440.681,-3.873,6.295,-0.710
1689806440.681,-3.768,6.146,-1.122
1689806440.681,-3.073,5.413,-1.959
1689806440.743,-2.901,4.441,-2.460
1689806440.743,-2.348,3.866,-2.370
1689806440.743,-1.555,2.953,-2.505
1689806440.787,-1.338,2.265,-1.944
1689806440.787,-1.353,1.675,-1.361
1689806440.787,-1.039,1.383,-0.994
1689806440.846,-0.927,1.009,-0.538
1689806440.846,-1.391,0.800,-0.157
1689806440.846,-1.675,1.099,-0.082
1689806440.906,-2.004,1.944,0.292
1689806440.906,-1.974,2.714,0.493
1689806440.906,-2.049,3.237,0.075
1689806440.966,-2.049,3.387,-0.307
1689806440.966,-2.430,3.170,-0.807
1689806440.966,-2.482,3.103,-0.718
1689806441.016,-2.639,2.729,-0.965
1689806441.016,-2.378,2.811,-1.047
1689806441.016,-2.273,2.983,-0.815
1689806441.071,-1.899,3.043,-0.501
1689806441.071,-1.630,2.849,-0.336
1689806441.071,-1.368,2.393,0.030
1689806441.131,-1.548,2.265,0.501
1689806441.131,-1.712,1.839,1.181
1689806441.131,-1.510,1.181,1.428
1689806441.191,-1.809,0.830,1.264
1689806441.191,-2.198,1.398,1.129
1689806441.191,-2.452,2.011,1.114
1689806441.254,-2.310,3.051,1.174
1689806441.254,-2.393,3.978,0.942
1689806441.254,-2.826,4.800,0.822
1689806441.301,-2.557,5.009,0.097
1689806441.301,-2.602,4.815,0.007
1689806441.301,-2.587,4.740,0.142
1689806441.356,-2.400,4.307,-0.097
1689806441.356,-2.206,3.910,0.090
1689806441.356,-1.660,3.163,0.329
1689806441.416,-1.376,2.520,0.501
1689806441.416,-1.107,1.204,0.680
1689806441.416,-1.323,0.209,0.434
1689806441.476,-1.645,0.292,0.553
1689806441.476,-1.944,1.159,0.673
1689806441.476,-2.041,2.430,0.598
1689806441.538,-2.064,3.723,0.508
1689806441.538,-2.019,4.523,0.389
1689806441.538,-1.593,4.912,0.374
1689806441.586,-1.742,5.174,0.239
1689806441.586,-2.123,4.897,-0.194
1689806441.586,-2.280,4.852,-0.508
1689806441.641,-2.460,4.591,-0.688
1689806441.641,-2.841,4.546,-0.553
1689806441.641,-2.729,4.105,0.045
1689806441.716,-2.894,3.357,0.097
1689806441.716,-2.467,2.251,0.636
1689806441.716,-2.064,1.578,1.159
1689806441.761,-1.443,1.144,1.615
1689806441.761,-1.473,0.793,1.331
1689806441.761,-1.772,0.665,1.136
1689806441.822,-1.637,1.234,1.054
1689806441.822,-1.563,2.123,0.837
1689806441.822,-2.206,2.916,0.710
1689806441.867,-2.535,3.230,0.598
1689806441.867,-2.841,3.327,0.568
1689806441.867,-2.594,3.282,0.680
1689806441.926,-2.325,3.409,1.144
1689806441.926,-2.348,3.596,1.600
1689806441.926,-2.280,3.978,1.735
1689806441.986,-2.153,3.978,1.779
1689806441.986,-1.959,3.589,1.398
1689806441.986,-1.839,3.454,1.174
1689806442.031,-2.071,3.514,1.151
1689806442.031,-1.929,3.723,0.942
1689806442.031,-2.236,4.030,0.935
1689806442.106,-2.505,4.090,0.396
1689806442.106,-2.594,4.180,0.000
1689806442.106,-2.714,3.858,-0.366
1689806442.151,-2.834,3.424,-0.628
1689806442.151,-2.737,3.140,-1.047
1689806442.151,-2.579,2.602,-1.219
1689806442.211,-2.273,2.333,-1.226
1689806442.211,-1.884,1.914,-0.987
1689806442.211,-1.974,2.079,-0.396
1689806442.256,-1.772,1.884,0.037
1689806442.256,-1.824,1.899,0.351
1689806442.256,-2.079,2.041,0.882
1689806442.316,-2.273,2.430,1.009
1689806442.316,-2.056,2.370,0.860
1689806442.316,-2.108,2.333,0.710
1689806442.379,-2.318,2.505,0.471
1689806442.379,-2.348,2.894,0.209
1689806442.379,-2.101,3.492,0.075
1689806442.426,-1.720,3.880,0.090
1689806442.426,-1.914,3.925,0.576
1689806442.426,-1.817,3.394,0.785
1689806442.496,-1.794,2.714,1.271
1689806442.496,-1.510,2.520,1.869
1689806442.496,-1.450,2.295,2.116
1689806442.541,-1.593,2.430,2.378
1689806442.541,-1.398,2.370,2.759
1689806442.541,-1.637,2.355,2.437
1689806442.603,-2.138,2.064,1.518
1689806442.603,-2.781,1.832,1.219
1689806442.603,-2.452,2.131,0.411
1689806442.662,-2.258,2.370,-0.127
1689806442.662,-2.796,3.013,-0.643
1689806442.662,-3.185,3.649,-1.122
1689806442.710,-3.275,3.708,-1.697
1689806442.710,-2.998,3.686,-1.637
1689806442.710,-2.632,3.626,-1.189
1689806442.767,-2.475,3.155,-0.890
1689806442.767,-2.737,2.811,-0.636
1689806442.767,-2.527,2.505,-0.389
1689806442.826,-2.325,2.116,-0.179
1689806442.826,-2.011,2.348,0.060
1689806442.826,-2.086,2.751,0.269
1689806442.892,-2.385,2.923,0.591
1689806442.892,-2.408,3.260,0.897
1689806442.892,-1.847,3.529,0.935
1689806442.946,-1.473,3.327,0.979
1689806442.946,-1.735,3.342,0.703
1689806442.946,-2.041,3.708,0.748
1689806442.993,-1.832,4.202,1.002
1689806442.993,-1.779,4.666,1.211
1689806442.993,-1.720,4.808,1.540
1689806443.052,-2.019,4.666,1.308
1689806443.052,-2.153,3.985,0.882
1689806443.052,-1.989,3.544,0.972
1689806443.126,-1.824,3.604,1.211
1689806443.126,-1.652,3.664,1.443
1689806443.126,-1.637,3.843,1.660
1689806443.176,-1.226,3.514,1.750
1689806443.176,-1.316,3.275,1.802
1689806443.176,-1.570,3.021,1.630
1689806443.235,-1.877,2.841,1.540
1689806443.235,-1.787,3.043,1.593
1689806443.235,-2.101,3.312,1.316
1689806443.291,-2.497,3.634,0.882
1689806443.291,-2.318,3.746,0.613
1689806443.291,-1.959,3.701,0.613
1689806443.336,-2.206,3.544,0.658
1689806443.336,-1.922,3.275,0.680
1689806443.336,-2.280,3.080,0.523
1689806443.411,-2.034,3.043,0.508
1689806443.411,-2.011,3.185,0.471
1689806443.411,-1.914,3.088,0.621
1689806443.458,-2.273,2.946,0.531
1689806443.458,-2.445,2.677,0.434
1689806443.458,-2.662,2.393,0.785
1689806443.504,-2.183,2.363,1.204
1689806443.504,-1.794,2.422,1.854
1689806443.504,-2.131,2.370,1.862
1689806443.561,-2.183,3.245,1.922
1689806443.561,-1.510,4.292,2.123
1689806443.561,-1.062,4.927,2.079
1689806443.636,-1.189,5.024,1.907
1689806443.636,-1.944,4.875,1.480
1689806443.636,-2.587,4.307,1.092
1689806443.681,-2.632,3.798,0.807
1689806443.681,-2.131,3.761,0.807
1689806443.681,-1.981,3.813,0.979
1689806443.742,-1.413,3.551,1.824
1689806443.742,-1.368,3.275,2.288
1689806443.742,-2.004,3.133,2.482
1689806443.787,-2.385,2.849,2.408
1689806443.787,-2.228,2.766,2.258
1689806443.787,-2.415,3.095,2.430
1689806443.848,-2.609,3.514,2.123
1689806443.848,-2.677,3.813,1.839
1689806443.848,-2.714,3.858,1.204
1689806443.906,-2.759,3.851,0.643
1689806443.906,-2.340,3.454,0.247
1689806443.906,-2.505,3.394,0.164
1689806443.966,-2.512,3.312,-0.179
1689806443.966,-2.437,2.886,-0.045
1689806443.966,-2.355,2.856,0.464
1689806444.016,-2.251,2.557,0.905
1689806444.016,-2.699,2.340,0.733
1689806444.016,-2.931,2.176,1.129
1689806444.074,-2.258,1.959,1.563
1689806444.074,-1.884,1.832,1.839
1689806444.074,-2.131,1.772,1.959
1689806444.132,-2.579,1.802,1.981
1689806444.132,-2.781,2.310,2.086
1689806444.132,-2.191,2.766,2.086
1689806444.191,-2.191,2.923,1.981
1689806444.191,-2.482,2.647,1.772
1689806444.191,-2.998,2.310,1.660
1689806444.236,-3.043,1.966,1.877
1689806444.236,-2.991,1.794,1.645
1689806444.236,-2.819,2.056,1.645
1689806444.301,-2.609,2.587,1.660
1689806444.301,-1.996,2.452,1.899
1689806444.301,-1.832,2.153,1.989
1689806444.359,-2.131,2.168,2.034
1689806444.359,-2.116,2.004,2.011
1689806444.359,-1.959,2.206,2.490
1689806444.416,-1.802,2.303,2.602
1689806444.416,-2.071,2.251,2.565
1689806444.416,-2.378,2.355,2.542
1689806444.476,-2.206,2.445,2.422
1689806444.476,-2.123,2.325,2.370
1689806444.476,-1.622,2.542,2.497
1689806444.536,-1.765,2.565,2.714
1689806444.536,-1.959,2.467,2.370
1689806444.536,-1.757,2.437,2.183
1689806444.599,-1.765,2.505,2.363
1689806444.599,-1.735,2.512,2.236
1689806444.599,-2.176,2.744,2.183
1689806444.641,-2.213,3.058,1.645
1689806444.641,-1.944,3.178,1.675
1689806444.641,-1.892,3.170,1.652
1689806444.701,-2.101,3.387,1.159
1689806444.701,-1.802,3.641,0.965
1689806444.701,-1.772,4.150,1.099
1689806444.746,-1.750,4.770,1.241
1689806444.746,-1.809,4.912,1.107
1689806444.746,-1.944,4.725,1.166
1689806444.824,-1.899,4.254,1.204
1689806444.824,-1.757,4.180,1.555
1689806444.824,-1.533,3.813,1.974
1689806444.897,-1.712,3.679,2.430
1689806444.897,-1.578,3.611,2.587
1689806444.897,-1.256,3.424,2.647
1689806444.926,-2.019,3.275,2.722
1689806444.926,-2.318,2.938,2.310
1689806444.926,-2.198,2.617,2.094
1689806444.971,-2.310,2.819,1.914
1689806444.971,-2.467,3.357,1.585
1689806444.971,-2.572,3.589,0.935
1689806445.031,-2.707,3.380,0.344
1689806445.031,-2.751,3.290,0.075
1689806445.031,-2.460,3.267,-0.097
1689806445.094,-2.168,3.103,0.187
1689806445.094,-2.228,2.849,0.479
1689806445.094,-1.914,2.774,0.501
1689806445.141,-1.765,2.684,0.725
1689806445.141,-1.996,2.520,0.987
1689806445.141,-1.914,2.632,1.002
1689806445.211,-2.183,2.587,1.308
1689806445.211,-2.168,2.931,1.383
1689806445.211,-1.652,2.901,1.413
1689806445.256,-2.004,3.477,1.099
1689806445.256,-2.437,4.075,1.136
1689806445.256,-2.505,4.202,0.815
1689806445.317,-1.854,4.381,0.770
1689806445.317,-2.064,4.808,1.338
1689806445.317,-2.176,4.658,1.279
1689806445.392,-2.146,4.090,0.994
1689806445.392,-1.936,3.350,1.136
1689806445.392,-1.996,2.998,1.421
1689806445.426,-1.929,2.856,1.503
1689806445.426,-1.847,2.968,1.450
1689806445.426,-1.525,3.036,1.361
1689806445.481,-1.652,3.051,1.495
1689806445.481,-2.094,2.737,1.122
1689806445.481,-2.662,2.445,0.867
1689806445.541,-2.579,2.714,0.972
1689806445.541,-2.393,3.350,0.852
1689806445.541,-2.168,3.589,0.568
1689806445.601,-2.460,3.566,0.546
1689806445.601,-2.632,3.394,0.262
1689806445.601,-2.737,3.469,0.576
1689806445.662,-2.206,3.208,0.665
1689806445.662,-1.742,3.058,0.927
1689806445.662,-2.161,2.908,0.897
1689806445.723,-2.011,2.819,0.920
1689806445.723,-1.503,2.460,0.830
1689806445.723,-1.697,2.834,1.039
1689806445.766,-2.131,2.916,1.211
1689806445.766,-2.497,2.901,1.465
1689806445.766,-1.989,2.789,1.428
1689806445.826,-1.630,2.587,1.735
1689806445.826,-1.914,2.804,1.690
1689806445.826,-2.213,3.118,1.256
1689806445.888,-1.922,3.604,1.510
1689806445.888,-2.168,3.813,1.966
1689806445.888,-1.914,4.045,1.742
1689806445.934,-2.213,3.783,1.361
1689806445.934,-1.959,3.454,1.450
1689806445.934,-1.996,3.267,1.802
1689806445.991,-1.884,3.148,2.168
1689806445.991,-2.116,3.021,2.064
1689806445.991,-1.720,2.894,1.727
1689806446.051,-1.630,2.938,2.011
1689806446.051,-1.742,2.639,2.138
1689806446.051,-2.034,2.265,1.809
1689806446.111,-2.333,2.318,1.750
1689806446.111,-2.079,2.221,1.630
1689806446.111,-2.221,2.677,1.563
1689806446.176,-2.325,3.208,1.525
1689806446.176,-2.310,3.350,1.256
1689806446.176,-2.325,3.312,1.084
1689806446.219,-2.198,3.140,0.748
1689806446.219,-1.936,2.654,0.366
1689806446.219,-2.295,2.594,0.576
1689806446.276,-2.393,2.542,0.680
1689806446.276,-1.936,2.609,0.830
1689806446.276,-1.907,3.028,0.972
1689806446.336,-2.228,2.953,1.077
1689806446.336,-2.497,3.006,1.136
1689806446.336,-2.340,3.223,1.129
1689806446.396,-2.198,3.484,1.361
1689806446.396,-1.555,3.350,1.540
1689806446.396,-1.645,3.103,1.286
1689806446.460,-2.071,3.073,1.189
1689806446.460,-1.660,3.350,1.331
1689806446.460,-1.092,3.589,1.443
1689806446.504,-1.346,3.776,1.847
1689806446.504,-1.966,4.000,1.847
1689806446.504,-2.796,3.761,1.608
1689806446.561,-2.714,3.275,1.443
1689806446.561,-2.699,3.185,1.047
1689806446.561,-2.355,3.320,0.778
1689806446.621,-2.191,3.447,0.598
1689806446.621,-1.936,3.387,0.322
1689806446.621,-1.914,2.908,-0.067
1689806446.681,-2.101,2.722,-0.531
1689806446.681,-2.131,2.602,-0.636
1689806446.681,-1.525,2.579,-0.441
1689806446.741,-1.817,3.170,0.045
1689806446.741,-2.108,3.133,0.531
1689806446.741,-2.505,2.871,0.965
1689806446.786,-2.811,2.908,1.667
1689806446.786,-2.751,2.901,2.049
1689806446.786,-2.363,2.811,2.056
1689806446.846,-2.437,2.804,1.578
1689806446.846,-2.400,2.916,0.957
1689806446.846,-2.348,2.879,0.284
1689806446.906,-2.385,2.894,-0.157
1689806446.906,-2.415,3.200,-0.471
1689806446.906,-2.662,3.178,-0.374
1689806446.951,-2.520,2.976,-0.636
1689806446.951,-2.639,2.796,-0.082
1689806446.951,-2.086,2.617,0.501
1689806447.016,-1.817,2.393,0.830
1689806447.016,-1.944,2.639,0.957
1689806447.016,-2.108,3.133,1.368
1689806447.071,-1.443,3.731,1.727
1689806447.071,-1.376,3.798,1.503
1689806447.071,-1.495,3.529,1.271
1689806447.131,-2.094,3.312,1.323
1689806447.131,-2.333,3.021,1.099
1689806447.131,-2.437,3.058,1.353
1689806447.206,-2.393,3.185,1.540
1689806447.206,-2.355,3.544,1.518
1689806447.206,-1.712,3.761,1.637
1689806447.236,-1.495,3.634,1.585
1689806447.236,-2.183,3.656,1.473
1689806447.236,-2.228,3.058,1.122
1689806447.301,-2.310,3.320,1.136
1689806447.301,-1.839,3.409,1.346
1689806447.301,-1.869,3.544,0.950
1689806447.356,-2.280,3.761,0.822
1689806447.356,-2.400,3.559,1.099
1689806447.356,-1.929,2.998,1.114
1689806447.416,-1.989,2.931,1.129
1689806447.416,-1.951,3.170,1.189
1689806447.416,-1.862,3.237,1.136
1689806447.461,-1.824,3.252,1.234
1689806447.461,-1.914,3.237,1.570
1689806447.461,-1.959,3.723,1.787
1689806447.521,-2.146,3.866,1.839
1689806447.521,-2.221,3.746,1.802
1689806447.521,-2.243,4.067,2.123
1689806447.584,-1.533,3.895,1.742
1689806447.584,-1.817,4.135,1.226
1689806447.584,-2.011,4.254,0.441
1689806447.641,-1.929,4.748,0.157
1689806447.641,-1.787,5.084,0.194
1689806447.641,-1.794,5.107,0.254
1689806447.686,-2.273,4.680,0.456
1689806447.686,-2.355,4.105,0.254
1689806447.686,-2.400,3.761,0.344
1689806447.746,-2.094,3.387,0.628
1689806447.746,-1.951,3.118,1.009
1689806447.746,-1.637,3.110,1.241
1689806447.809,-1.428,2.976,1.578
1689806447.809,-1.443,2.512,1.391
1689806447.809,-1.697,2.123,1.189
1689806447.866,-1.787,2.303,1.009
1689806447.866,-1.877,2.669,1.047
1689806447.866,-1.675,2.789,0.598
1689806447.926,-2.101,2.931,0.381
1689806447.926,-2.236,2.961,0.150
1689806447.926,-2.206,3.237,0.434
1689806447.971,-2.310,3.170,0.464
1689806447.971,-2.617,3.365,0.845
1689806447.971,-2.475,3.028,0.927
1689806448.031,-2.355,2.834,1.159
1689806448.031,-2.310,2.819,1.398
1689806448.031,-2.161,2.677,1.690
1689806448.094,-2.490,2.482,1.854
1689806448.094,-2.587,2.654,2.011
1689806448.094,-2.415,2.482,1.877
1689806448.141,-1.922,2.243,1.981
1689806448.141,-2.273,2.445,1.750
1689806448.141,-2.796,2.684,1.675
1689806448.196,-2.961,3.320,1.533
1689806448.196,-2.288,3.694,1.981
1689806448.196,-2.333,3.888,2.161
1689806448.256,-2.692,4.052,1.959
1689806448.256,-2.737,3.522,1.809
1689806448.256,-2.520,3.021,1.383
1689806448.331,-2.198,2.953,1.323
1689806448.331,-2.213,2.819,1.189
1689806448.331,-2.198,2.976,1.293
1689806448.379,-2.123,2.527,1.510
1689806448.379,-2.280,2.064,1.316
1689806448.379,-2.692,1.765,1.166
1689806448.438,-3.133,1.682,1.084
1689806448.438,-3.155,2.034,1.122
1689806448.438,-2.886,2.101,0.890
1689806448.481,-2.879,2.602,0.441
1689806448.481,-3.028,2.542,0.045
1689806448.481,-3.043,2.497,-0.254
1689806448.541,-2.550,2.325,-0.351
1689806448.541,-2.333,2.086,-0.366
1689806448.541,-2.363,2.064,-0.591
1689806448.601,-2.378,2.108,-0.194
1689806448.601,-2.288,2.161,0.000
1689806448.601,-2.108,2.153,0.344
1689806448.679,-2.437,2.445,0.366
1689806448.679,-2.617,2.677,0.606
1689806448.679,-2.295,2.938,1.151
1689806448.709,-1.974,3.118,1.286
1689806448.709,-2.086,2.938,1.241
1689806448.709,-2.340,3.327,0.845
1689806448.766,-2.236,4.052,0.935
1689806448.766,-2.213,4.680,1.488
1689806448.766,-2.624,4.950,1.570
1689806448.826,-2.475,4.808,1.323
1689806448.826,-2.639,4.187,1.129
1689806448.826,-2.527,3.993,1.092
1689806448.886,-2.146,3.664,1.032
1689806448.886,-2.228,3.694,1.174
1689806448.886,-2.273,3.641,0.979
1689806448.934,-1.899,3.694,1.077
1689806448.934,-2.064,3.439,0.800
1689806448.934,-2.482,2.826,0.314
1689806448.991,-2.639,2.535,-0.045
1689806448.991,-2.437,2.766,-0.052
1689806448.991,-2.520,3.080,0.015
1689806449.051,-2.236,3.215,-0.307
1689806449.051,-2.520,3.110,-0.591
1689806449.051,-2.841,2.991,-0.194
1689806449.111,-2.796,3.327,0.479
1689806449.111,-2.430,2.856,0.778
1689806449.111,-2.378,2.707,1.062
1689806449.173,-2.108,2.594,1.159
1689806449.173,-1.697,2.258,1.802
1689806449.173,-1.809,2.183,2.049
1689806449.219,-2.146,2.019,1.779
1689806449.219,-2.482,2.086,1.914
1689806449.219,-1.966,2.206,1.989
1689806449.276,-1.540,1.772,1.705
1689806449.276,-1.495,1.750,1.271
1689806449.276,-2.295,1.809,0.793
1689806449.336,-2.213,2.437,0.837
1689806449.336,-1.787,2.856,0.927
1689806449.336,-1.839,3.133,0.778
1689806449.396,-1.981,3.028,0.957
1689806449.396,-2.183,2.535,1.129
1689806449.396,-2.049,2.041,1.361
1689806449.460,-1.907,1.884,1.637
1689806449.460,-2.094,2.064,1.742
1689806449.460,-2.094,2.094,1.503
1689806449.504,-1.794,2.086,1.794
1689806449.504,-1.660,1.892,2.071
1689806449.504,-1.742,1.548,1.892
1689806449.561,-1.735,1.323,1.981
1689806449.561,-1.637,1.241,2.228
1689806449.561,-1.301,1.077,1.989
1689806449.624,-1.241,1.166,1.907
1689806449.624,-1.421,1.017,2.108
1689806449.624,-1.996,0.920,1.383
1689806449.666,-2.101,0.815,0.927
1689806449.666,-2.041,0.718,0.800
1689806449.666,-3.058,0.793,0.501
1689806449.744,-3.686,0.912,0.224
1689806449.744,-3.671,1.009,0.479
1689806449.744,-3.686,1.488,1.039
1689806449.786,-3.641,1.436,1.436
1689806449.786,-3.439,1.323,1.473
1689806449.786,-3.402,1.809,1.667
1689806449.846,-2.796,1.682,1.787
1689806449.846,-2.437,1.727,1.989
1689806449.846,-2.393,1.428,1.727
1689806449.906,-2.550,1.608,1.570
1689806449.906,-2.101,1.899,1.428
1689806449.906,-1.735,2.415,1.802
1689806449.951,-1.518,2.632,1.570
1689806449.951,-1.570,2.602,1.518
1689806449.951,-1.383,2.071,0.979
1689806450.046,-1.114,1.779,0.807
1689806450.046,-1.593,1.712,0.845
1689806450.046,-1.765,1.787,0.523
1689806450.071,-1.712,1.862,0.523
1689806450.071,-1.727,1.480,0.830
1689806450.071,-1.892,1.234,0.972
1689806450.136,-2.363,1.174,1.787
1689806450.136,-2.251,1.107,2.064
1689806450.136,-1.981,1.204,2.557
1689806450.176,-1.892,1.802,2.557
1689806450.176,-1.892,2.415,2.557
1689806450.176,-1.473,2.729,2.026
1689806450.236,-1.361,2.938,1.600
1689806450.236,-1.488,2.938,1.421
1689806450.236,-1.465,3.118,0.793
1689806450.301,-1.630,2.991,0.695
1689806450.301,-1.772,3.036,0.665
1689806450.301,-1.869,3.365,0.628
1689806450.356,-1.892,3.701,0.987
1689806450.356,-1.989,4.105,1.241
1689806450.356,-2.041,4.172,1.077
1689806450.416,-1.936,4.187,1.353
1689806450.416,-1.660,4.052,1.779
1689806450.416,-1.480,4.023,2.146
1689806450.464,-1.899,3.798,2.153
1689806450.464,-2.422,3.761,1.974
1689806450.464,-2.535,3.664,1.854
1689806450.521,-2.348,3.903,2.064
1689806450.521,-2.617,4.172,1.989
1689806450.521,-2.871,3.843,1.525
1689806450.599,-2.572,3.140,0.598
1689806450.599,-1.974,2.699,0.381
1689806450.599,-1.712,2.737,0.299
1689806450.628,-1.645,2.864,0.105
1689806450.628,-1.824,2.983,-0.105
1689806450.628,-1.705,2.774,-0.209
1689806450.690,-1.765,2.811,0.142
1689806450.690,-1.929,2.729,0.299
1689806450.690,-2.624,2.408,0.396
1689806450.746,-2.879,2.602,0.688
1689806450.746,-2.699,2.991,0.897
1689806450.746,-2.579,3.110,0.710
1689806450.806,-2.744,3.275,0.239
1689806450.806,-2.408,3.223,0.142
1689806450.806,-2.310,3.163,0.179
1689806450.866,-1.974,3.230,0.434
1689806450.866,-2.041,2.931,0.493
1689806450.866,-2.101,2.968,0.277
1689806450.911,-1.802,2.774,0.389
1689806450.911,-1.839,2.565,0.389
1689806450.911,-1.877,2.587,0.643
1689806450.971,-2.019,2.864,0.994
1689806450.971,-2.198,2.587,1.047
1689806450.971,-2.108,2.654,0.935
1689806451.031,-2.176,3.073,1.421
1689806451.031,-1.765,2.998,1.593
1689806451.031,-1.877,2.991,1.219
1689806451.094,-2.258,3.215,0.905
1689806451.094,-2.079,3.731,0.770
1689806451.094,-1.802,4.404,0.890
1689806451.156,-1.637,4.680,0.890
1689806451.156,-1.787,4.718,0.740
1689806451.156,-2.079,4.419,1.017
1689806451.196,-2.101,4.135,1.271
1689806451.196,-2.437,3.970,1.652
1689806451.196,-1.824,3.746,1.637
1689806451.256,-1.630,3.716,1.697
1689806451.256,-1.219,3.634,2.116
1689806451.256,-1.264,3.447,2.176
1689806451.316,-1.570,3.051,1.750
1689806451.316,-1.779,2.991,1.518
1689806451.316,-1.637,3.163,1.308
1689806451.394,-1.413,3.454,1.062
1689806451.394,-1.862,3.641,0.807
1689806451.394,-2.333,3.993,0.209
1689806451.426,-2.355,4.142,0.164
1689806451.426,-2.288,4.284,0.142
1689806451.426,-2.475,4.060,0.090
1689806451.481,-2.542,4.030,0.344
1689806451.481,-2.168,3.469,0.187
1689806451.481,-2.161,3.140,0.411
1689806451.541,-1.936,3.170,0.314
1689806451.541,-1.966,3.350,0.396
1689806451.541,-2.138,3.372,0.568
1689806451.601,-2.019,3.245,0.658
1689806451.601,-1.951,3.215,1.084
1689806451.601,-1.832,3.155,1.600
1689806451.661,-1.877,3.125,1.510
1689806451.661,-2.400,3.208,1.241
1689806451.661,-2.437,3.813,1.652
1689806451.711,-1.922,4.105,1.720
1689806451.711,-2.041,4.180,1.765
1689806451.711,-2.213,3.993,1.518
1689806451.766,-2.408,3.851,1.293
1689806451.766,-2.669,3.432,1.084
1689806451.766,-2.512,3.477,0.994
1689806451.826,-2.243,3.327,0.950
1689806451.826,-1.914,3.394,1.293
1689806451.826,-1.383,3.305,1.047
1689806451.886,-1.742,3.036,0.867
1689806451.886,-2.258,2.639,0.822
1689806451.886,-2.348,2.340,0.680
1689806451.949,-2.265,2.505,0.860
1689806451.949,-1.989,2.542,0.897
1689806451.949,-2.094,2.565,0.598
1689806451.991,-2.535,2.961,0.426
1689806451.991,-2.602,3.178,0.538
1689806451.991,-2.737,2.946,0.254
1689806452.051,-2.617,3.245,0.224
1689806452.051,-2.557,3.148,0.075
1689806452.051,-2.236,2.976,0.007
1689806452.126,-2.086,3.006,0.546
1689806452.126,-1.817,2.759,0.882
1689806452.126,-2.191,2.654,1.219
1689806452.156,-2.497,2.804,1.196
1689806452.156,-2.191,2.781,1.570
1689806452.156,-2.004,2.938,1.989
1689806452.232,-1.622,2.916,1.914
1689806452.232,-2.071,2.751,1.473
1689806452.232,-2.594,2.632,1.174
1689806452.276,-2.490,3.170,1.391
1689806452.276,-2.535,3.925,1.346
1689806452.276,-2.505,3.978,1.533
1689806452.336,-2.617,3.903,1.144
1689806452.336,-3.282,3.320,1.047
1689806452.336,-3.110,2.796,1.196
1689806452.381,-2.490,2.535,1.346
1689806452.381,-2.101,2.318,0.950
1689806452.381,-2.258,2.370,0.845
1689806452.456,-1.899,2.280,0.942
1689806452.456,-1.936,1.974,0.905
1689806452.456,-2.318,1.555,0.374
1689806452.503,-2.602,1.465,0.531
1689806452.503,-2.430,1.750,0.613
1689806452.503,-2.744,2.280,0.688
1689806452.551,-2.729,2.632,0.022
1689806452.551,-2.707,2.707,-0.150
1689806452.551,-2.737,2.654,0.007
1689806452.621,-2.273,2.699,0.202
1689806452.621,-2.094,2.864,0.411
1689806452.621,-1.757,2.908,0.613
1689806452.666,-2.034,2.968,0.807
1689806452.666,-2.019,2.707,0.912
1689806452.666,-2.049,2.759,1.039
1689806452.741,-2.303,2.849,1.032
1689806452.741,-2.579,2.894,0.695
1689806452.741,-2.378,2.983,0.381
1689806452.786,-1.817,2.991,0.763
1689806452.786,-1.697,2.826,0.538
1689806452.786,-2.168,3.140,0.531
1689806452.835,-2.146,3.424,0.561
1689806452.835,-1.600,3.910,0.815
1689806452.835,-1.593,4.277,1.099
1689806452.891,-1.787,3.851,0.852
1689806452.891,-2.206,3.753,0.875
1689806452.891,-2.011,3.417,1.174
1689806452.951,-2.056,3.432,1.383
1689806452.951,-1.974,3.566,1.391
1689806452.951,-1.645,3.574,1.443
1689806453.016,-1.540,3.484,1.645
1689806453.016,-1.271,3.365,1.570
1689806453.016,-2.019,3.036,1.488
1689806453.071,-2.236,2.505,1.181
1689806453.071,-2.123,2.624,1.122
1689806453.071,-2.056,2.983,1.092
1689806453.117,-2.138,3.103,0.665
1689806453.117,-2.408,3.417,0.239
1689806453.117,-2.609,3.320,-0.172
1689806453.177,-2.535,3.208,0.269
1689806453.177,-2.340,3.095,0.232
1689806453.177,-2.228,2.864,0.404
1689806453.236,-2.310,2.684,0.591
1689806453.236,-2.363,2.505,0.763
1689806453.236,-2.303,2.408,0.972
1689806453.301,-1.996,2.632,1.159
1689806453.301,-2.258,2.550,0.867
1689806453.301,-2.161,2.594,1.024
1689806453.344,-1.989,2.841,1.092
1689806453.344,-1.802,2.617,1.436
1689806453.344,-1.652,2.602,1.495
1689806453.406,-1.981,2.692,1.181
1689806453.406,-1.727,3.133,1.226
1689806453.406,-1.533,3.858,1.615
1689806453.461,-1.637,4.322,1.264
1689806453.461,-2.258,4.284,1.211
1689806453.461,-2.251,4.090,1.062
1689806453.521,-2.138,3.716,1.293
1689806453.521,-2.176,3.305,1.436
1689806453.521,-1.936,3.215,1.510
1689806453.584,-1.899,3.140,1.219
1689806453.584,-1.981,3.058,0.912
1689806453.584,-1.817,2.639,0.994
1689806453.628,-1.630,2.243,1.166
1689806453.628,-1.974,1.757,0.867
1689806453.628,-2.064,1.660,0.688
1689806453.686,-1.503,2.161,0.621
1689806453.686,-1.413,2.737,0.598
1689806453.686,-1.675,2.796,0.411
1689806453.746,-1.899,2.617,0.404
1689806453.746,-2.265,2.475,0.598
1689806453.746,-2.243,2.460,0.725
1689806453.806,-2.138,2.445,0.785
1689806453.806,-1.750,2.572,0.979
1689806453.806,-1.869,2.923,1.009
1689806453.866,-2.176,2.908,1.338
1689806453.866,-2.004,2.617,1.279
1689806453.866,-2.019,2.707,1.181
1689806453.911,-1.981,2.834,0.987
1689806453.911,-1.959,3.051,1.122
1689806453.911,-1.794,3.252,1.548
1689806453.971,-1.510,2.968,1.443
1689806453.971,-1.974,2.647,1.234
1689806453.971,-1.922,2.983,0.972
1689806454.031,-1.705,3.529,0.979
1689806454.031,-1.555,4.404,1.114
1689806454.031,-1.667,4.680,1.017
1689806454.091,-2.138,4.127,0.800
1689806454.091,-2.340,3.851,0.882
1689806454.091,-1.907,3.731,1.391
1689806454.141,-1.473,3.394,1.383
1689806454.141,-1.959,3.454,1.361
1689806454.141,-2.318,3.170,1.383
1689806454.211,-2.071,2.669,1.525
1689806454.211,-2.191,2.183,1.555
1689806454.211,-2.729,1.877,1.174
1689806454.256,-2.677,1.929,0.875
1689806454.256,-2.161,2.176,0.650
1689806454.256,-2.026,2.826,0.194
1689806454.316,-2.273,3.260,-0.322
1689806454.316,-2.303,3.305,-0.748
1689806454.316,-2.288,3.327,-0.755
1689806454.392,-2.198,3.103,-0.404
1689806454.392,-1.877,2.908,0.045
1689806454.392,-2.026,2.535,0.703
1689806454.425,-2.198,2.340,1.241
1689806454.425,-2.370,2.505,1.966
1689806454.425,-2.475,2.400,1.989
1689806454.481,-2.236,2.774,1.966
1689806454.481,-2.251,3.118,1.540
1689806454.481,-2.079,3.447,1.084
1689806454.556,-1.809,3.843,0.882
1689806454.556,-1.645,3.955,0.479
1689806454.556,-1.465,3.641,0.187
1689806454.601,-1.914,3.492,-0.097
1689806454.601,-1.951,3.566,0.067
1689806454.601,-1.727,3.910,0.404
1689806454.661,-1.817,4.224,0.860
1689806454.661,-1.794,4.097,1.436
1689806454.661,-2.086,3.880,1.697
1689806454.708,-2.071,3.267,1.996
1689806454.708,-1.832,2.871,2.064
1689806454.708,-1.667,2.699,1.869
1689806454.766,-1.645,2.811,1.645
1689806454.766,-1.585,2.759,1.622
1689806454.766,-1.503,2.340,1.189
1689806454.826,-2.041,2.026,1.032
1689806454.826,-2.512,1.742,0.778
1689806454.826,-2.340,1.757,0.793
1689806454.871,-2.295,2.034,0.972
1689806454.871,-2.699,2.400,1.107
1689806454.871,-2.886,2.849,0.860
1689806454.934,-2.961,2.953,0.568
1689806454.934,-2.594,3.006,0.194
1689806454.934,-2.348,2.953,-0.037
1689806454.996,-2.116,3.006,-0.456
1689806454.996,-2.153,3.252,-0.561
1689806454.996,-2.004,3.267,-0.232
1689806455.051,-1.757,3.133,0.067
1689806455.051,-1.675,3.200,0.703
1689806455.051,-1.645,3.544,1.174
1689806455.096,-1.996,3.694,1.615
1689806455.096,-2.475,3.813,1.353
1689806455.096,-2.699,4.157,1.824
1689806455.156,-1.989,4.314,1.914
1689806455.156,-1.495,4.045,1.667
1689806455.156,-2.049,4.381,1.077
1689806455.219,-1.944,4.651,0.703
1689806455.219,-1.862,4.882,0.703
1689806455.219,-1.660,5.039,0.882
1689806455.295,-1.794,4.778,0.852
1689806455.295,-1.989,4.217,0.725
1689806455.295,-2.318,3.237,0.837
1689806455.336,-2.273,2.916,1.211
1689806455.336,-1.929,2.460,1.450
1689806455.336,-1.847,2.834,1.690
1689806455.381,-1.802,3.013,1.892
1689806455.381,-1.944,2.759,2.318
1689806455.381,-1.757,2.363,1.772
1689806455.441,-1.996,2.221,1.279
1689806455.441,-1.989,2.198,1.189
1689806455.441,-2.071,2.557,1.189
1689806455.503,-2.079,3.335,0.912
1689806455.503,-2.198,3.701,0.232
1689806455.503,-2.408,4.000,0.127
1689806455.550,-2.168,4.030,-0.060
1689806455.550,-1.809,4.135,0.075
1689806455.550,-1.817,4.030,0.112
1689806455.606,-2.168,3.828,0.441
1689806455.606,-2.049,3.357,0.927
1689806455.606,-1.660,3.080,1.645
1689806455.666,-1.563,2.781,1.398
1689806455.666,-1.862,2.550,1.608
1689806455.666,-1.951,2.565,1.540
1689806455.726,-2.094,2.542,1.637
1689806455.726,-1.682,2.482,1.421
1689806455.726,-1.645,2.295,1.166
1689806455.786,-1.884,2.527,1.039
1689806455.786,-1.877,3.155,1.331
1689806455.786,-1.510,3.439,1.563
1689806455.836,-2.019,3.970,1.600
1689806455.836,-2.251,3.993,1.398
1689806455.836,-2.512,3.566,1.241
1689806455.891,-2.639,3.275,1.122
1689806455.891,-2.422,3.006,1.211
1689806455.891,-2.221,3.133,1.458
1689806455.951,-2.213,3.200,1.652
1689806455.951,-2.071,3.155,1.787
1689806455.951,-2.019,2.737,1.787
1689806456.016,-2.587,2.340,1.705
1689806456.016,-2.624,2.041,1.465
1689806456.016,-2.370,2.049,1.226
1689806456.059,-2.385,2.751,1.002
1689806456.059,-2.983,2.856,0.493
1689806456.059,-3.305,2.894,0.396
1689806456.120,-3.088,2.923,0.434
1689806456.120,-2.647,3.065,0.344
1689806456.120,-2.594,2.938,0.142
1689806456.176,-2.983,2.901,0.277
1689806456.176,-3.185,2.587,0.224
1689806456.176,-3.028,2.609,0.479
1689806456.236,-2.826,2.826,0.822
1689806456.236,-2.333,2.759,0.479
1689806456.236,-2.497,2.879,0.404
1689806456.311,-2.766,2.804,0.890
1689806456.311,-2.265,3.006,1.024
1689806456.311,-1.832,2.908,1.181
1689806456.344,-2.288,3.051,1.301
1689806456.344,-2.348,3.006,1.368
1689806456.344,-2.064,3.551,1.503
1689806456.416,-1.787,4.366,1.697
1689806456.416,-2.161,4.523,1.264
1689806456.416,-3.320,3.843,1.054
1689806456.461,-3.372,3.170,0.845
1689806456.461,-2.946,2.310,1.286
1689806456.461,-2.408,1.914,1.705
1689806456.521,-2.445,2.213,2.587
1689806456.521,-2.624,1.974,3.305
1689806456.521,-2.236,1.600,4.008
1689806456.583,-2.168,0.957,4.613
1689806456.583,-2.236,0.688,4.725
1689806456.583,-1.608,0.164,4.658
1689806456.628,-0.905,-0.142,4.479
1689806456.628,-0.493,-0.449,3.783
1689806456.628,-0.336,-0.636,3.155
1689806456.686,-0.807,-0.464,3.365
1689806456.686,-0.546,-0.254,3.791
1689806456.686,-0.673,-0.464,4.112
1689806456.746,-1.249,-0.665,4.531
1689806456.746,-1.772,-1.226,4.404
1689806456.746,-2.198,-1.727,4.613
1689806456.806,-2.086,-2.146,5.249
1689806456.806,-2.079,-2.348,5.645
1689806456.806,-2.408,-2.288,6.161
1689806456.866,-2.662,-2.116,7.327
1689806456.866,-2.639,-2.460,7.776
1689806456.866,-2.467,-2.594,8.187
1689806456.911,-2.094,-3.028,8.389
1689806456.911,-2.310,-3.080,7.821
1689806456.911,-1.899,-2.879,6.811
1689806456.971,-1.645,-2.288,5.854
1689806456.971,-1.241,-1.839,4.658
1689806456.971,-0.994,-1.540,3.970
1689806457.031,-0.688,-1.323,3.006
1689806457.031,-0.307,-1.630,2.168
1689806457.031,0.127,-1.637,1.510
1689806457.080,0.142,-1.376,0.972
1689806457.080,-0.396,-0.935,0.090
1689806457.080,-1.436,-0.396,-0.658
1689806457.156,-2.153,-0.142,-1.166
1689806457.156,-2.804,-0.164,-1.907
1689806457.156,-3.065,0.157,-2.041
1689806457.196,-2.766,0.613,-1.413
1689806457.196,-2.213,1.383,-0.643
1689806457.196,-2.303,2.400,-0.217
1689806457.256,-3.118,3.282,0.075
1689806457.256,-3.350,4.374,0.037
1689806457.256,-3.581,5.458,0.426
1689806457.316,-3.738,6.213,0.665
1689806457.316,-3.574,6.662,0.703
1689806457.316,-2.938,7.125,1.054
1689806457.361,-2.228,7.043,1.413
1689806457.361,-1.690,6.669,1.189
1689806457.361,-1.406,6.198,1.009
1689806457.425,-1.682,5.271,0.628
1689806457.425,-1.622,4.965,0.531
1689806457.425,-1.428,5.331,0.957
1689806457.481,-1.630,5.555,0.979
1689806457.481,-1.114,5.705,0.636
1689806457.481,-1.062,6.684,0.890
1689806457.541,-1.039,7.761,1.533
1689806457.541,-0.897,8.733,1.989
1689806457.541,-1.009,9.122,2.161
1689806457.586,-1.107,9.211,2.138
1689806457.586,-0.972,8.995,1.809
1689806457.586,-1.107,8.643,1.817
1689806457.676,-1.024,8.411,2.378
1689806457.676,-0.688,7.746,2.161
1689806457.676,-1.226,7.312,2.475
1689806457.708,-1.450,6.415,2.273
1689806457.708,-1.450,5.802,2.213
1689806457.708,-1.794,5.084,2.079
1689806457.766,-2.108,4.082,1.787
1689806457.766,-2.183,3.581,1.279
1689806457.766,-2.744,3.469,1.114
1689806457.826,-2.916,3.028,0.516
1689806457.826,-2.886,2.834,0.075
1689806457.826,-2.295,2.393,-0.456
1689806457.871,-1.989,0.000,-0.875
1689806457.871,-1.787,1.727,-0.882
1689806457.871,-1.914,1.772,-0.613
1689806457.934,-2.168,1.750,-0.314
1689806457.934,-2.064,1.847,0.000
1689806457.934,-1.697,1.884,0.479
1689806457.991,-2.011,1.951,0.785
1689806457.991,-2.131,1.847,1.069
1689806457.991,-2.325,1.757,1.144
1689806458.051,-1.847,1.929,1.301
1689806458.051,-1.443,2.108,1.226
1689806458.051,-1.570,2.437,0.942
1689806458.096,-1.488,2.804,0.994
1689806458.096,-1.024,3.514,0.897
1689806458.096,-0.905,4.329,1.122
1689806458.156,-1.047,4.673,1.249
1689806458.156,-1.391,4.785,1.660
1689806458.156,-1.092,4.464,1.981
1689806458.219,-0.852,4.202,2.325
1689806458.219,-1.009,4.105,2.737
1689806458.219,-1.017,4.187,3.335
1689806458.266,-1.316,4.224,3.813
1689806458.266,-1.563,3.708,3.843
1689806458.266,-1.772,2.953,3.574
1689806458.321,-1.622,2.086,3.417
1689806458.321,-1.069,1.503,3.260
1689806458.321,-0.576,1.443,2.482
1689806458.381,-0.950,1.712,1.757
1689806458.381,-1.301,1.585,0.994
1689806458.381,-1.323,1.316,0.591
1689806458.441,-1.174,1.264,-0.082
1689806458.441,-0.994,1.279,-0.247
1689806458.441,-1.353,1.361,-0.202
1689806458.518,-1.548,1.847,0.307
1689806458.518,-1.495,2.692,0.920
1689806458.518,-1.391,3.447,1.690
1689806458.550,-1.279,4.568,2.363
1689806458.550,-1.510,5.398,2.609
1689806458.550,-2.273,6.116,2.819
1689806458.606,-2.265,6.333,2.834
1689806458.606,-2.385,6.355,2.714
1689806458.606,-3.080,6.161,2.019
1689806458.666,-2.968,6.595,1.720
1689806458.666,-2.804,6.811,1.914
1689806458.666,-2.572,6.961,2.191
1689806458.726,-2.520,7.140,2.079
1689806458.726,-2.430,6.946,1.802
1689806458.726,-2.467,6.587,1.622
1689806458.786,-2.333,6.011,1.458
1689806458.786,-1.794,6.109,1.480
1689806458.786,-1.585,5.892,1.757
1689806458.835,-1.211,5.398,1.892
1689806458.835,-1.316,5.241,1.802
1689806458.835,-2.138,4.882,1.817
1689806458.891,-2.550,4.464,1.495
1689806458.891,-2.662,4.187,0.882
1689806458.891,-2.946,4.419,0.538
1689806458.953,-3.282,4.553,-0.194
1689806458.953,-3.880,4.718,-0.860
1689806458.953,-3.537,4.613,-1.473
1689806459.011,-2.886,4.643,-1.503
1689806459.011,-2.198,4.830,-1.563
1689806459.011,-2.079,4.830,-1.794
1689806459.074,-2.183,5.181,-1.578
1689806459.074,-1.697,5.428,-1.495
1689806459.074,-1.241,5.533,-1.047
1689806459.116,-1.047,5.466,-1.189
1689806459.116,-0.785,5.159,-1.002
1689806459.116,-0.501,5.129,-0.538
1689806459.176,0.060,5.122,0.254
1689806459.176,-0.247,5.129,0.531
1689806459.176,-0.688,5.353,0.965
1689806459.236,-1.196,5.996,1.450
1689806459.236,-1.525,6.879,2.183
1689806459.236,-1.204,7.081,2.692
1689806459.300,-1.264,7.178,2.938
1689806459.300,-1.473,7.066,3.215
1689806459.300,-1.054,6.744,3.611
1689806459.344,-0.613,6.669,3.836
1689806459.344,-0.374,6.340,3.910
1689806459.344,0.060,5.712,3.925
1689806459.401,0.576,5.122,4.135
1689806459.401,0.277,4.224,3.836
1689806459.401,-0.553,3.424,3.723
1689806459.476,-0.793,2.961,3.058
1689806459.476,-0.755,2.370,2.236
1689806459.476,-0.845,2.161,1.495
1689806459.521,-1.219,2.138,0.927
1689806459.521,-1.279,2.138,0.404
1689806459.521,-1.279,2.393,0.366
1689806459.583,-1.174,2.781,0.269
1689806459.583,-1.047,3.140,0.194
1689806459.583,-1.256,3.223,0.322
1689806459.628,-1.742,3.215,0.314
1689806459.628,-2.191,3.387,0.374
1689806459.628,-2.669,3.230,0.501
1689806459.688,-3.350,3.372,0.135
1689806459.688,-3.178,3.133,-0.007
1689806459.688,-2.587,2.886,-0.456
1689806459.746,-2.737,2.408,-1.084
1689806459.746,-2.587,1.951,-1.264
1689806459.746,-2.617,2.123,-0.643
1689806459.791,-2.325,2.378,0.366
1689806459.791,-1.981,2.841,1.458
1689806459.791,-2.408,2.781,1.989
1689806459.866,-2.953,2.587,2.422
1689806459.866,-3.125,2.385,2.983
1689806459.866,-3.110,2.153,3.432
1689806459.911,-3.021,2.108,3.619
1689806459.911,-3.170,2.064,3.454
1689806459.911,-2.647,2.004,3.746
1689806459.971,-2.497,1.929,3.656
1689806459.971,-3.103,1.189,2.923
1689806459.971,-3.529,0.546,2.071
1689806460.031,-3.342,0.546,1.428
1689806460.031,-3.036,0.897,1.099
1689806460.031,-3.110,1.219,0.284
1689806460.076,-3.237,1.660,-0.007
1689806460.076,-3.454,2.288,-0.105
1689806460.076,-3.469,2.617,-0.232
1689806460.141,-3.963,2.692,-0.202
1689806460.141,-4.105,2.535,-0.389
1689806460.141,-4.045,2.116,-0.232
1689806460.196,-3.641,1.645,0.187
1689806460.196,-3.208,1.413,0.867
1689806460.196,-3.806,1.219,1.107
1689806460.256,-3.522,0.987,1.346
1689806460.256,-3.028,1.346,1.652
1689806460.256,-2.729,1.465,1.608
1689806460.301,-2.587,1.264,1.009
1689806460.301,-2.729,1.675,0.150
1689806460.301,-2.557,2.251,-0.120
1689806460.361,-2.123,3.073,0.045
1689806460.361,-2.079,3.731,0.067
1689806460.361,-2.183,3.933,0.194
1689806460.425,-2.131,3.746,0.748
1689806460.425,-1.824,3.170,1.181
1689806460.425,-1.817,2.976,1.839
1689806460.481,-1.809,2.976,1.869
1689806460.481,-1.548,3.282,1.839
1689806460.481,-1.503,3.701,2.415
1689806460.526,-0.867,3.619,2.490
1689806460.526,-1.204,3.125,2.034
1689806460.526,-1.533,2.804,1.735
1689806460.586,-1.735,2.707,1.578
1689806460.586,-1.899,2.879,1.398
1689806460.586,-2.325,3.290,1.271
1689806460.646,-2.251,3.058,0.583
1689806460.646,-2.408,2.998,0.254
1689806460.646,-2.415,3.140,-0.045
1689806460.707,-2.273,3.125,-0.344
1689806460.707,-2.056,2.624,-0.366
1689806460.707,-1.682,2.363,0.030
1689806460.753,-1.211,2.602,0.336
1689806460.753,-1.368,2.400,0.568
1689806460.753,-2.026,2.161,0.830
1689806460.811,-1.914,2.123,1.047
1689806460.811,-1.996,2.348,1.675
1689806460.811,-1.854,2.325,1.585
1689806460.871,-2.520,2.699,1.316
1689806460.871,-2.841,3.267,1.241
1689806460.871,-2.146,4.187,0.890
1689806460.931,-1.682,5.241,0.837
1689806460.931,-1.824,5.540,0.576
1689806460.931,-1.929,5.054,0.434
1689806460.981,-1.705,4.464,0.464
1689806460.981,-1.211,3.985,0.770
1689806460.981,-1.346,3.537,1.181
1689806461.051,-1.869,3.409,1.249
1689806461.051,-2.064,3.731,1.727
1689806461.051,-2.213,3.619,2.161
1689806461.096,-2.251,3.768,1.936
1689806461.096,-2.632,3.499,1.578
1689806461.096,-2.587,3.574,1.219
1689806461.156,-2.535,3.776,0.763
1689806461.156,-2.759,3.626,0.277
1689806461.156,-2.998,3.656,-0.576
1689806461.219,-2.938,3.282,-1.406
1689806461.219,-3.013,3.043,-1.854
1689806461.219,-2.968,2.961,-1.765
1689806461.266,-2.729,2.729,-1.480
1689806461.266,-2.490,2.699,-1.533
1689806461.266,-2.310,2.669,-0.987
1689806461.321,-2.094,2.632,-0.209
1689806461.321,-1.951,2.744,0.254
1689806461.321,-2.049,2.789,1.069
1689806461.381,-2.041,2.946,1.667
1689806461.381,-2.004,3.021,2.191
1689806461.381,-1.884,3.013,2.624
1689806461.441,-2.318,2.998,2.789
1689806461.441,-2.505,3.170,2.594
1689806461.441,-2.213,3.596,2.482
1689806461.503,-2.101,4.023,2.138
1689806461.503,-2.340,4.456,2.265
1689806461.503,-2.318,4.441,1.854
1689806461.550,-2.400,4.374,1.495
1689806461.550,-1.989,4.307,1.436
1689806461.550,-1.839,4.052,1.279
1689806461.606,-1.630,4.277,1.107
1689806461.606,-1.637,4.479,1.077
1689806461.606,-0.920,4.187,1.525
1689806461.666,-1.129,3.679,1.510
1689806461.666,-1.510,3.178,1.555
1689806461.666,-1.765,2.654,1.765
1689806461.726,-2.041,2.609,2.034
1689806461.726,-2.759,3.065,1.735
1689806461.726,-2.923,3.320,1.450
1689806461.788,-3.342,3.230,0.822
1689806461.788,-3.297,3.380,0.449
1689806461.788,-2.908,3.484,0.172
1689806461.832,-2.318,3.671,-0.194
1689806461.832,-2.183,3.828,-0.374
1689806461.832,-2.071,3.791,-0.381
1689806461.891,-1.824,3.604,-0.396
1689806461.891,-1.622,3.701,0.344
1689806461.891,-1.862,3.836,1.009
1689806461.951,-2.011,3.903,1.488
1689806461.951,-2.094,3.910,2.064
1689806461.951,-2.123,3.641,2.707
1689806462.026,-1.951,3.641,3.297
1689806462.026,-1.907,3.529,3.230
1689806462.026,-2.475,3.821,3.058
1689806462.060,-2.251,4.456,3.073
1689806462.060,-1.869,4.987,2.826
1689806462.060,-1.981,5.181,2.669
1689806462.116,-2.198,4.935,3.148
1689806462.116,-2.609,4.830,3.761
1689806462.116,-2.400,4.419,4.509
1689806462.176,-2.565,4.142,5.383
1689806462.176,-2.602,3.963,5.593
1689806462.176,-2.916,4.307,5.854
1689806462.236,-2.879,4.262,6.639
1689806462.236,-2.617,3.851,6.849
1689806462.236,-2.849,3.499,6.684
1689806462.281,-2.894,3.252,6.251
1689806462.281,-2.991,3.200,6.138
1689806462.281,-2.766,3.342,5.271
1689806462.344,-3.006,4.000,4.381
1689806462.344,-2.894,4.322,3.671
1689806462.344,-2.520,4.337,2.557
1689806462.401,-2.004,4.404,1.331
1689806462.401,-2.079,4.209,0.807
1689806462.401,-2.056,3.993,0.389
1689806462.461,-1.548,3.768,-0.060
1689806462.461,-1.899,3.432,0.112
1689806462.461,-2.183,3.514,0.314
1689806462.521,-2.056,3.275,0.673
1689806462.521,-2.131,3.327,0.785
1689806462.521,-2.512,3.297,0.710
1689806462.583,-2.370,3.402,1.465
1689806462.583,-2.064,3.589,2.041
1689806462.583,-2.221,3.335,2.168
1689806462.629,-2.692,3.155,1.518
1689806462.629,-2.729,3.507,1.062
1689806462.629,-2.527,4.105,1.144
1689806462.675,-1.862,4.733,0.680
1689806462.675,-1.742,4.823,0.209
1689806462.675,-2.079,4.830,0.209
1689806462.733,-1.824,4.247,-0.082
1689806462.733,-1.757,3.813,0.037
1689806462.733,-2.041,3.738,0.426
1689806462.791,-2.041,3.880,0.703
1689806462.791,-1.936,4.015,1.256
1689806462.791,-1.884,3.940,1.667
1689806462.866,-2.422,3.514,1.503
1689806462.866,-2.512,2.864,1.226
1689806462.866,-2.632,2.886,1.279
1689806462.911,-2.183,3.080,0.994
1689806462.911,-2.348,3.499,0.793
1689806462.911,-2.766,3.641,0.396
1689806462.971,-2.669,3.686,-0.262
1689806462.971,-2.482,3.858,-0.531
1689806462.971,-2.325,4.082,-0.650
1689806463.016,-2.243,4.082,-0.867
1689806463.016,-2.303,3.940,-1.144
1689806463.016,-1.936,3.664,-1.308
1689806463.076,-1.682,3.806,-0.994
1689806463.076,-1.555,3.970,-0.658
1689806463.076,-1.742,4.052,-0.217
1689806463.141,-2.086,3.880,0.150
1689806463.141,-2.041,4.067,0.426
1689806463.141,-1.510,4.247,1.159
1689806463.196,-1.480,3.933,1.690
1689806463.196,-1.742,4.030,1.570
1689806463.196,-2.034,4.224,1.518
1689806463.256,-1.824,4.688,1.675
1689806463.256,-1.802,5.062,1.480
1689806463.256,-1.981,5.092,1.353
1689806463.301,-2.116,4.606,1.032
1689806463.301,-1.757,4.202,0.561
1689806463.301,-1.779,3.761,0.725
1689806463.361,-1.465,3.305,0.493
1689806463.361,-1.525,3.148,0.733
1689806463.361,-1.450,2.968,1.144
1689806463.436,-1.503,2.632,1.600
1689806463.436,-1.585,2.348,1.675
1689806463.436,-2.019,2.213,1.809
1689806463.469,-1.765,2.587,1.854
1689806463.469,-2.116,2.991,1.615
1689806463.469,-2.535,3.133,1.443
1689806463.526,-2.677,3.223,1.032
1689806463.526,-2.542,3.267,0.553
1689806463.526,-2.557,3.574,0.307
1689806463.586,-2.639,3.768,0.187
1689806463.586,-2.363,3.985,0.224
1689806463.586,-2.751,3.626,0.553
1689806463.646,-2.408,3.365,0.740
1689806463.646,-2.348,3.402,1.107
1689806463.646,-2.430,3.424,1.249
1689806463.708,-2.796,3.095,1.092
1689806463.708,-2.841,2.871,1.047
1689806463.708,-2.796,2.886,1.622
1689806463.753,-2.131,2.781,1.615
1689806463.753,-2.639,2.759,1.181
1689806463.753,-2.916,2.781,0.793
1689806463.811,-2.751,3.305,0.822
1689806463.811,-2.594,4.120,1.159
1689806463.811,-2.557,4.374,1.346
1689806463.871,-2.579,4.112,1.346
1689806463.871,-2.774,3.910,1.114
1689806463.871,-2.677,3.267,0.950
1689806463.931,-2.348,2.901,0.860
1689806463.931,-2.243,3.118,0.897
1689806463.931,-2.273,3.155,0.927
1689806463.981,-2.161,3.021,1.136
1689806463.981,-2.168,2.811,1.144
1689806463.981,-2.467,2.310,0.965
1689806464.036,-2.542,2.303,0.890
1689806464.036,-2.400,2.378,0.763
1689806464.036,-2.879,2.729,1.077
1689806464.096,-2.841,2.916,0.628
1689806464.096,-2.624,2.722,0.142
1689806464.096,-2.370,2.722,-0.015
1689806464.156,-2.034,2.849,0.284
1689806464.156,-1.705,2.707,0.254
1689806464.156,-2.049,2.714,0.404
1689806464.216,-2.108,3.036,0.531
1689806464.216,-2.123,3.223,0.927
1689806464.216,-1.727,3.163,1.226
1689806464.277,-1.981,3.163,1.383
1689806464.277,-2.408,3.155,1.548
1689806464.277,-2.228,3.439,1.593
1689806464.321,-1.667,3.409,1.854
1689806464.321,-1.585,3.372,1.929
1689806464.321,-1.907,3.312,1.473
1689806464.381,-1.922,3.432,1.144
1689806464.381,-1.981,4.202,1.436
1689806464.381,-1.996,4.688,1.593
1689806464.441,-2.101,4.733,1.563
1689806464.441,-2.280,4.254,1.316
1689806464.441,-2.153,3.641,1.099
1689806464.503,-1.899,3.357,1.129
1689806464.503,-1.712,3.245,1.084
1689806464.503,-2.258,3.290,1.293
1689806464.550,-2.041,3.297,1.450
1689806464.550,-1.525,2.819,1.368
1689806464.550,-2.019,2.841,1.600
1689806464.606,-2.183,2.632,1.540
1689806464.606,-2.273,2.722,1.234
1689806464.606,-2.191,2.953,0.897
1689806464.666,-2.236,3.267,0.568
1689806464.666,-2.385,3.761,0.187
1689806464.666,-2.400,3.671,0.007
1689806464.726,-2.288,3.380,0.202
1689806464.726,-1.981,3.282,0.411
1689806464.726,-2.146,3.223,0.740
1689806464.774,-2.183,2.983,1.144
1689806464.774,-2.303,2.976,1.286
1689806464.774,-2.176,2.968,1.271
1689806464.832,-2.049,3.170,1.129
1689806464.832,-2.153,3.260,0.845
1689806464.832,-2.004,3.245,0.419
1689806464.891,-1.862,3.566,0.568
1689806464.891,-1.757,3.731,0.755
1689806464.891,-2.026,3.604,0.292
1689806464.951,-2.415,3.454,0.172
1689806464.951,-2.265,3.664,0.441
1689806464.951,-1.892,4.127,0.882
1689806464.996,-1.884,4.030,1.264
1689806464.996,-2.236,3.948,1.563
1689806464.996,-2.295,3.514,1.727
1689806465.059,-1.907,2.879,1.578
1689806465.059,-1.697,2.520,1.196
1689806465.059,-1.622,3.065,1.069
1689806465.121,-2.041,3.275,1.092
1689806465.121,-1.436,3.036,0.778
1689806465.121,-1.518,2.781,0.464
1689806465.176,-1.929,2.482,0.284
1689806465.176,-2.280,2.303,0.621
1689806465.176,-2.280,2.325,1.032
1689806465.221,-2.251,2.774,1.092
1689806465.221,-2.535,3.335,1.009
1689806465.221,-2.826,3.477,0.815
1689806465.281,-2.624,3.507,0.374
1689806465.281,-2.153,3.522,0.262
1689806465.281,-2.011,3.746,0.471
1689806465.344,-1.869,3.312,0.194
1689806465.344,-1.974,3.043,0.202
1689806465.344,-2.168,3.148,0.643
1689806465.391,-1.690,2.923,0.763
1689806465.391,-2.034,2.991,1.077
1689806465.391,-2.579,3.170,1.017
1689806465.461,-2.445,3.178,1.211
1689806465.461,-1.914,3.080,1.443
1689806465.461,-1.608,3.065,1.092
1689806465.506,-2.161,2.923,0.426
1689806465.506,-2.340,2.849,-0.164
1689806465.506,-2.370,3.679,0.135
1689806465.566,-2.520,4.897,0.950
1689806465.566,-2.437,5.421,1.503
1689806465.566,-2.707,4.965,1.802
1689806465.627,-2.280,4.359,2.355
1689806465.627,-2.011,3.664,2.295
1689806465.627,-1.705,3.477,2.041
1689806465.675,-1.346,3.432,1.159
1689806465.675,-1.338,3.649,0.688
1689806465.675,-1.922,3.708,0.673
1689806465.746,-2.071,3.073,0.187
1689806465.746,-1.966,2.587,0.007
1689806465.746,-2.280,2.804,0.456
1689806465.791,-2.340,3.178,0.740
1689806465.791,-2.609,3.424,0.793
1689806465.791,-2.819,3.432,0.591
1689806465.856,-2.729,3.193,0.531
1689806465.856,-2.527,3.036,0.471
1689806465.856,-2.191,2.886,0.531
1689806465.911,-1.750,2.729,0.292
1689806465.911,-1.832,2.415,0.307
1689806465.911,-1.877,2.497,0.456
1689806465.959,-1.877,2.871,1.062
1689806465.959,-1.465,3.013,1.017
1689806465.959,-2.041,2.864,1.166
1689806466.016,-2.400,3.021,1.622
1689806466.016,-2.138,3.006,1.854
1689806466.016,-1.951,2.669,1.675
1689806466.076,-2.609,2.901,1.458
1689806466.076,-2.579,3.245,0.994
1689806466.076,-2.168,3.813,1.450
1689806466.151,-1.832,4.135,1.361
1689806466.151,-2.056,4.045,1.226
1689806466.151,-2.213,3.514,1.032
1689806466.184,-2.123,3.200,1.226
1689806466.184,-1.877,2.923,1.368
1689806466.184,-1.675,2.609,1.503
1689806466.241,-1.608,2.624,1.271
1689806466.241,-1.757,2.834,1.622
1689806466.241,-1.421,2.751,1.712
1689806466.301,-1.622,2.729,1.794
1689806466.301,-1.615,2.430,1.226
1689806466.301,-1.712,2.684,1.353
1689806466.361,-1.892,3.223,1.114
1689806466.361,-2.325,3.828,0.396
1689806466.361,-2.535,4.075,-0.262
1689806466.425,-2.437,3.866,-0.979
1689806466.425,-2.071,3.836,-1.308
1689806466.425,-2.034,4.075,-1.107
1689806466.469,-2.206,4.097,-1.002
1689806466.469,-2.617,3.701,-0.852
1689806466.469,-2.408,3.679,-0.449
1689806466.526,-1.929,3.387,0.202
1689806466.526,-1.652,3.252,0.411
1689806466.526,-1.817,3.320,0.837
1689806466.586,-2.041,3.125,1.361
1689806466.586,-1.159,3.230,1.817
1689806466.586,-1.107,3.305,1.824
1689806466.646,-1.809,3.365,1.353
1689806466.646,-2.146,3.581,0.807
1689806466.646,-2.056,4.150,0.994
1689806466.725,-2.108,4.381,1.069
1689806466.725,-2.153,3.970,0.987
1689806466.725,-2.213,3.671,0.755
1689806466.752,-2.288,3.155,0.748
1689806466.752,-2.183,2.774,1.099
1689806466.752,-2.064,2.475,1.413
1689806466.811,-1.578,2.385,1.570
1689806466.811,-1.428,2.288,1.824
1689806466.811,-1.533,1.951,1.443
1689806466.871,-2.019,1.996,1.570
1689806466.871,-1.899,1.862,1.428
1689806466.871,-1.705,1.959,1.062
1689806466.931,-1.652,2.445,0.800
1689806466.931,-2.422,2.901,0.508
1689806466.931,-2.542,3.036,0.194
1689806466.981,-2.841,3.320,0.135
1689806466.981,-3.006,3.559,0.142
1689806466.981,-3.080,3.761,0.322
1689806467.036,-2.901,3.723,0.127
1689806467.036,-3.043,3.372,0.097
1689806467.036,-2.961,3.088,0.336
1689806467.095,-2.864,2.894,0.621
1689806467.095,-2.766,2.759,0.748
1689806467.095,-2.572,2.751,1.077
1689806467.156,-2.325,2.759,1.316
1689806467.156,-2.146,2.789,1.159
1689806467.156,-2.849,2.894,1.077
1689806467.201,-3.215,3.148,0.785
1689806467.201,-2.505,3.484,0.561
1689806467.201,-2.079,3.895,0.890
1689806467.266,-2.288,4.187,0.860
1689806467.266,-2.348,3.836,0.516
1689806467.266,-2.669,3.604,0.374
1689806467.321,-2.535,3.237,0.508
1689806467.321,-1.862,3.073,0.636
1689806467.321,-1.884,2.849,0.546
1689806467.381,-1.869,2.781,0.815
1689806467.381,-1.563,2.572,0.860
1689806467.381,-1.832,2.161,0.912
1689806467.441,-2.206,1.892,1.249
1689806467.441,-2.363,1.832,1.488
1689806467.441,-2.340,1.922,1.473
1689806467.486,-2.198,2.101,1.279
1689806467.486,-2.325,2.363,1.069
1689806467.486,-2.437,2.086,0.546
1689806467.550,-2.138,2.378,0.680
1689806467.550,-1.832,1.981,0.740
1689806467.550,-1.742,2.064,0.516
1689806467.606,-1.854,2.303,0.695
1689806467.606,-1.884,2.236,0.568
1689806467.606,-1.608,2.026,1.017
1689806467.666,-1.794,2.258,1.226
1689806467.666,-2.086,2.393,1.570
1689806467.666,-1.847,2.512,1.338
1689806467.711,-1.787,2.744,1.660
1689806467.711,-1.832,2.811,1.817
1689806467.711,-2.198,3.185,1.383
1689806467.774,-2.161,3.402,0.950
1689806467.774,-2.273,3.895,1.331
1689806467.774,-2.056,4.381,1.652
1689806467.832,-2.071,4.494,1.376
1689806467.832,-1.907,4.075,1.002
1689806467.832,-1.944,3.380,0.673
1689806467.891,-1.794,2.983,0.703
1689806467.891,-1.675,2.923,0.815
1689806467.891,-1.608,3.110,0.583
1689806467.936,-1.772,3.095,0.583
1689806467.936,-1.772,2.647,0.658
1689806467.936,-2.348,2.467,0.785
1689806467.996,-2.206,2.079,0.516
1689806467.996,-2.273,2.355,0.553
1689806467.996,-2.273,2.953,0.636
1689806468.059,-2.363,3.223,0.277
1689806468.059,-2.639,3.372,0.000
1689806468.059,-2.699,3.282,-0.127
1689806468.106,-2.236,3.350,-0.090
1689806468.106,-1.794,3.290,0.052
1689806468.106,-1.936,3.103,0.142
1689806468.176,-1.914,2.751,0.120
1689806468.176,-1.645,2.183,0.292
1689806468.176,-1.705,2.265,0.882
1689806468.221,-2.123,2.325,0.987
1689806468.221,-2.101,2.572,1.136
1689806468.221,-2.086,2.946,1.308
1689806468.281,-1.787,2.796,1.346
1689806468.281,-2.034,2.774,0.912
1689806468.281,-2.288,2.901,0.262
1689806468.344,-2.206,3.529,0.336
1689806468.344,-1.854,4.307,0.875
1689806468.344,-1.914,4.606,0.516
1689806468.405,-1.630,3.978,0.105
1689806468.405,-2.094,3.559,0.546
1689806468.405,-1.922,3.095,0.583
1689806468.446,-1.944,2.871,1.069
1689806468.446,-1.989,2.901,1.465
1689806468.446,-1.779,3.058,1.376
1689806468.505,-1.368,3.178,1.510
1689806468.505,-1.884,2.961,1.421
1689806468.505,-2.348,2.751,1.249
1689806468.566,-2.325,2.707,1.017
1689806468.566,-1.944,2.916,0.322
1689806468.566,-1.809,3.305,0.030
1689806468.642,-2.108,3.514,-0.591
1689806468.642,-2.325,3.365,-0.673
1689806468.642,-2.340,2.796,-0.471
1689806468.690,-2.505,2.378,0.194
1689806468.690,-2.535,1.944,0.568
1689806468.690,-2.587,1.824,1.234
1689806468.731,-2.393,1.832,1.578
1689806468.731,-2.108,2.288,1.533
1689806468.731,-1.847,2.497,1.129
1689806468.791,-2.333,2.714,0.950
1689806468.791,-2.011,2.654,0.404
1689806468.791,-1.652,2.699,0.187
1689806468.850,-1.323,2.639,0.419
1689806468.850,-1.727,2.983,0.082
1689806468.850,-2.348,3.028,0.329
1689806468.899,-2.310,3.641,0.935
1689806468.899,-2.191,4.404,1.473
1689806468.899,-2.108,4.942,1.922
1689806468.957,-2.348,4.680,1.757
1689806468.957,-2.415,4.337,1.308
1689806468.957,-2.108,3.925,0.815
1689806469.015,-2.071,3.537,0.703
1689806469.015,-1.578,3.155,0.426
1689806469.015,-1.652,3.260,0.336
1689806469.075,-1.286,2.946,1.017
1689806469.075,-1.398,2.602,1.196
1689806469.075,-1.944,1.974,1.069
1689806469.141,-2.116,1.742,1.308
1689806469.141,-2.153,2.071,1.608
1689806469.141,-2.527,2.445,1.817
1689806469.199,-2.497,2.834,1.017
1689806469.199,-2.699,2.594,0.456
1689806469.199,-2.662,2.467,0.224
1689806469.240,-2.258,2.415,0.127
1689806469.240,-1.772,2.408,-0.135
1689806469.240,-1.720,2.437,0.015
1689806469.301,-2.153,2.632,-0.037
1689806469.301,-2.064,2.774,0.404
1689806469.301,-1.779,2.886,0.284
1689806469.360,-2.206,2.998,0.269
1689806469.360,-2.565,3.185,0.344
1689806469.360,-2.512,3.312,0.493
1689806469.426,-2.221,3.641,0.755
1689806469.426,-1.757,3.604,0.912
1689806469.426,-2.004,3.783,1.017
1689806469.469,-2.325,4.224,1.256
1689806469.469,-2.161,4.942,1.286
1689806469.469,-2.265,5.256,0.957
1689806469.525,-2.340,4.785,1.039
1689806469.525,-2.310,4.209,0.867
1689806469.525,-2.265,3.694,0.710
1689806469.585,-2.108,3.305,1.241
1689806469.585,-1.585,3.312,1.196
1689806469.585,-1.637,3.417,1.346
1689806469.646,-1.548,3.252,1.264
1689806469.646,-1.735,2.916,1.331
1689806469.646,-2.348,2.647,1.136
1689806469.707,-2.258,2.273,1.077
1689806469.707,-2.026,2.422,0.927
1689806469.707,-2.049,2.931,0.583
1689806469.752,-2.557,3.507,0.449
1689806469.752,-2.647,3.566,-0.060
1689806469.752,-2.467,3.439,-0.105
1689806469.810,-2.243,3.223,-0.164
1689806469.810,-2.094,2.946,-0.090
1689806469.810,-2.131,2.766,-0.381
1689806469.871,-2.467,2.886,-0.067
1689806469.871,-2.056,3.036,0.508
1689806469.871,-1.697,2.916,0.860
1689806469.916,-1.630,2.789,0.957
1689806469.916,-2.086,2.572,1.264
1689806469.916,-2.049,3.006,1.578
1689806469.981,-1.757,3.372,1.809
1689806469.981,-1.720,3.477,1.675
1689806469.981,-2.101,3.484,1.338
1689806470.036,-1.877,3.776,1.219
1689806470.036,-2.041,4.351,1.316
1689806470.036,-2.168,4.419,1.331
1689806470.095,-2.273,4.082,1.338
1689806470.095,-2.594,3.611,1.039
1689806470.095,-2.490,3.080,0.860
1689806470.156,-2.280,2.819,1.009
1689806470.156,-2.041,2.632,1.047
1689806470.156,-1.892,2.684,1.219
1689806470.200,-1.608,2.699,1.488
1689806470.200,-1.765,2.318,1.316
1689806470.200,-1.966,2.131,1.256
1689806470.266,-2.213,1.922,1.122
1689806470.266,-2.213,2.071,1.009
1689806470.266,-2.400,2.572,0.927
1689806470.320,-2.849,3.125,0.292
1689806470.320,-3.148,3.365,0.007
1689806470.320,-2.594,3.140,-0.187
1689806470.396,-2.385,3.013,-0.366
1689806470.396,-2.774,3.013,0.075
1689806470.396,-2.946,2.871,-0.067
1689806470.426,-2.961,2.609,0.643
1689806470.426,-2.550,2.445,0.942
1689806470.426,-2.437,2.602,1.234
1689806470.486,-2.467,2.288,1.249
1689806470.486,-2.587,2.086,1.249
1689806470.486,-2.467,2.116,1.578
1689806470.549,-2.430,2.228,1.929
1689806470.549,-2.654,2.176,1.428
1689806470.549,-2.916,2.213,1.181
1689806470.605,-3.013,2.737,1.174
1689806470.605,-3.051,3.574,1.286
1689806470.605,-3.178,3.753,1.122
1689806470.651,-3.282,3.357,0.830
1689806470.651,-3.133,2.849,0.523
1689806470.651,-2.871,2.273,0.441
1689806470.711,-2.557,2.138,0.389
1689806470.711,-2.579,2.437,0.217
1689806470.711,-2.295,2.677,0.284
1689806470.771,-1.750,2.236,0.411
1689806470.771,-1.907,1.757,0.396
1689806470.771,-2.288,1.331,0.621
1689806470.832,-2.445,1.151,0.822
1689806470.832,-2.348,1.510,1.211
1689806470.832,-2.019,1.869,1.548
1689806470.877,-2.213,1.914,1.249
1689806470.877,-2.677,2.348,1.383
1689806470.877,-2.071,2.460,0.860
1689806470.936,-1.615,2.751,0.778
1689806470.936,-1.570,2.834,0.351
1689806470.936,-1.914,2.953,0.381
1689806470.996,-2.034,2.804,0.277
1689806470.996,-2.034,2.894,0.307
1689806470.996,-1.593,2.998,0.546
1689806471.059,-1.608,3.013,0.351
1689806471.059,-1.892,2.931,0.269
1689806471.059,-1.996,2.535,0.508
1689806471.119,-1.301,2.422,0.950
1689806471.119,-1.368,2.460,1.226
1689806471.119,-1.593,3.036,1.301
1689806471.179,-1.555,3.596,1.637
1689806471.179,-1.503,4.008,1.578
1689806471.179,-1.338,4.023,1.615
1689806471.221,-1.862,3.948,1.510
1689806471.221,-1.735,3.432,1.361
1689806471.221,-1.682,2.879,1.622
1689806471.280,-1.271,2.490,1.675
1689806471.280,-1.204,2.108,1.279
1689806471.280,-1.637,2.348,1.301
1689806471.359,-1.495,2.422,1.757
1689806471.359,-1.361,2.041,1.630
1689806471.359,-1.578,1.742,1.428
1689806471.391,-1.660,1.585,1.331
1689806471.391,-1.959,1.742,1.406
1689806471.391,-2.071,2.258,1.331
1689806471.446,-2.430,2.849,0.837
1689806471.446,-2.587,3.200,0.650
1689806471.446,-2.512,3.200,0.135
1689806471.506,-2.310,3.185,-0.090
1689806471.506,-2.123,3.230,0.052
1689806471.506,-2.183,3.417,-0.037
1689806471.566,-2.034,3.484,0.404
1689806471.566,-1.869,3.432,0.501
1689806471.566,-1.585,3.694,0.546
1689806471.627,-2.168,3.970,0.538
1689806471.627,-2.834,3.888,0.344
1689806471.627,-2.856,3.858,0.538
1689806471.702,-2.243,3.708,0.807
1689806471.702,-1.877,3.776,0.725
1689806471.702,-2.034,4.456,0.793
1689806471.730,-2.243,5.002,0.688
1689806471.730,-1.779,5.368,0.860
1689806471.730,-1.450,5.742,0.852
1689806471.791,-1.712,5.600,0.793
1689806471.791,-2.064,4.688,0.643
1689806471.791,-2.295,3.664,0.807
1689806471.850,-2.138,2.923,0.837
1689806471.850,-1.892,2.535,1.241
1689806471.850,-1.697,2.265,1.092
1689806471.899,-1.279,2.445,1.331
1689806471.899,-1.368,2.108,1.645
1689806471.899,-1.966,1.922,1.727
1689806471.956,-2.011,1.353,1.458
1689806471.956,-2.056,1.533,1.241
1689806471.956,-1.630,2.011,0.807
1689806472.015,-2.116,2.318,0.763
1689806472.015,-2.348,2.819,0.232
1689806472.015,-2.699,2.751,-0.202
1689806472.075,-2.288,2.781,-0.351
1689806472.075,-2.086,2.998,-0.157
1689806472.075,-2.378,2.789,-0.030
1689806472.136,-2.340,2.654,0.434
1689806472.136,-2.056,2.542,0.576
1689806472.136,-2.176,2.841,1.092
1689806472.184,-2.049,3.065,1.697
1689806472.184,-2.325,3.185,1.944
1689806472.184,-2.251,3.387,2.071
1689806472.241,-1.929,3.365,1.884
1689806472.241,-1.705,3.611,1.951
1689806472.241,-1.847,3.671,1.570
1689806472.300,-2.221,3.761,1.069
1689806472.300,-2.079,4.209,0.479
1689806472.300,-1.525,4.860,0.344
1689806472.360,-1.727,5.054,0.269
1689806472.360,-1.645,4.725,0.262
1689806472.360,-2.340,4.165,0.583
1689806472.437,-2.437,3.664,0.613
1689806472.437,-2.370,3.223,0.979
1689806472.437,-2.228,3.223,1.107
1689806472.469,-2.422,3.566,1.189
1689806472.469,-2.408,3.394,1.383
1689806472.469,-2.079,2.759,1.271
1689806472.525,-2.101,2.146,1.159
1689806472.525,-2.168,2.191,0.830
1689806472.525,-2.153,2.153,0.292
1689806472.586,-2.079,2.714,0.127
1689806472.586,-1.877,3.013,-0.127
1689806472.586,-2.251,2.991,-0.209
1689806472.631,-2.288,2.886,0.112
1689806472.631,-2.550,2.774,0.546
1689806472.631,-2.594,2.183,0.845
1689806472.707,-2.729,2.176,0.942
1689806472.707,-2.602,2.363,0.957
1689806472.707,-2.505,2.295,1.174
1689806472.752,-2.579,2.385,1.293
1689806472.752,-2.206,2.475,1.039
1689806472.752,-2.355,2.774,1.181
1689806472.800,-2.677,3.073,1.129
1689806472.800,-2.662,3.208,0.912
1689806472.800,-2.482,3.387,0.920
1689806472.870,-2.505,3.252,1.092
1689806472.870,-2.654,3.058,0.703
1689806472.870,-2.871,2.901,0.344
1689806472.915,-2.998,3.245,0.650
1689806472.915,-2.841,3.910,1.047
1689806472.915,-3.028,3.918,1.151
1689806472.981,-3.499,3.821,1.697
1689806472.981,-3.723,2.916,1.750
1689806472.981,-3.402,2.475,1.839
1689806473.035,-2.998,2.445,2.049
1689806473.035,-2.923,2.856,2.243
1689806473.035,-2.729,3.110,2.213
1689806473.095,-2.452,3.432,2.056
1689806473.095,-2.131,3.290,1.839
1689806473.095,-1.944,3.110,1.211
1689806473.141,-1.862,3.245,0.546
1689806473.141,-1.630,3.537,-0.022
1689806473.141,-1.675,3.948,-0.277
1689806473.216,-2.094,4.202,-0.950
1689806473.216,-2.303,4.247,-1.301
1689806473.216,-2.445,3.843,-1.540
1689806473.266,-2.393,3.462,-1.488
1689806473.266,-2.587,3.477,-0.785
1689806473.266,-2.437,3.230,-0.486
1689806473.320,-1.884,3.514,-0.307
1689806473.320,-1.832,3.858,0.224
1689806473.320,-1.488,3.679,0.665
1689806473.366,-1.383,3.686,0.621
1689806473.366,-1.727,3.708,0.643
1689806473.366,-1.690,3.723,1.084
1689806473.425,-1.495,3.372,1.510
1689806473.425,-0.942,3.447,2.004
1689806473.425,-1.107,3.738,1.922
1689806473.485,-1.256,3.858,1.555
1689806473.485,-1.450,4.269,1.802
1689806473.485,-1.548,4.486,1.824
1689806473.549,-1.839,4.501,1.862
1689806473.549,-1.929,4.389,1.585
1689806473.549,-2.221,3.776,1.578
1689806473.594,-1.877,3.312,1.398
1689806473.594,-1.600,2.946,1.114
1689806473.594,-1.637,2.946,1.099
1689806473.651,-1.518,3.013,1.428
1689806473.651,-1.226,2.894,1.750
1689806473.651,-1.675,2.557,1.465
1689806473.711,-2.004,2.378,1.353
1689806473.711,-1.922,2.325,1.136
1689806473.711,-1.682,2.325,1.271
1689806473.770,-1.742,2.624,0.890
1689806473.770,-2.475,2.789,0.493
1689806473.770,-2.826,2.766,-0.090
1689806473.832,-2.886,2.632,0.090
1689806473.832,-2.348,2.579,-0.150
1689806473.832,-2.273,2.789,0.045
1689806473.891,-2.714,2.617,0.067
1689806473.891,-2.587,2.535,0.374
1689806473.891,-1.951,2.280,0.538
1689806473.935,-2.079,2.348,1.114
1689806473.935,-2.221,2.400,1.323
1689806473.935,-2.318,2.378,1.174
1689806473.996,-2.108,2.579,1.174
1689806473.996,-1.914,2.834,1.480
1689806473.996,-2.400,2.729,1.563
1689806474.056,-2.579,2.355,0.979
1689806474.056,-2.318,2.565,1.114
1689806474.056,-2.131,3.417,1.585
1689806474.106,-2.550,3.858,1.525
1689806474.106,-2.662,3.761,1.637
1689806474.106,-2.953,3.342,1.129
1689806474.160,-2.856,3.013,0.987
1689806474.160,-2.026,2.744,0.912
1689806474.160,-2.131,2.647,0.882
1689806474.220,-1.854,2.490,0.890
1689806474.220,-1.630,2.228,1.107
1689806474.220,-1.667,2.213,1.226
1689806474.281,-2.071,1.944,1.054
1689806474.281,-2.422,1.518,0.546
1689806474.281,-2.520,1.488,0.628
1689806474.344,-2.535,2.056,0.718
1689806474.344,-2.460,2.490,0.456
1689806474.344,-2.714,2.587,0.277
1689806474.391,-2.497,2.520,0.284
1689806474.391,-2.437,2.378,0.067
1689806474.391,-2.034,2.146,0.351
1689806474.445,-1.989,2.310,0.546
1689806474.445,-2.213,2.206,0.643
1689806474.445,-1.809,2.116,0.785
1689806474.506,-1.787,2.236,1.077
1689806474.506,-1.555,2.460,1.092
1689806474.506,-1.832,2.879,1.054
1689806474.566,-2.011,2.923,0.979
1689806474.566,-2.019,3.088,1.069
1689806474.566,-1.735,2.953,1.032
1689806474.627,-2.393,3.290,1.234
1689806474.627,-2.340,3.596,1.450
1689806474.627,-1.675,4.015,1.241
1689806474.674,-1.690,5.002,1.458
1689806474.674,-1.944,4.837,1.301
1689806474.674,-2.019,4.359,1.219
1689806474.731,-2.019,3.970,1.084
1689806474.731,-1.697,3.701,1.204
1689806474.731,-1.578,3.193,0.987
1689806474.790,-1.705,2.946,0.972
1689806474.790,-1.757,2.983,1.151
1689806474.790,-1.600,2.789,1.323
1689806474.850,-1.959,2.467,1.353
1689806474.850,-2.176,2.206,1.204
1689806474.850,-2.340,2.408,1.204
1689806474.899,-2.034,2.460,0.636
1689806474.899,-1.877,2.946,0.247
1689806474.899,-2.460,3.275,0.082
1689806474.956,-2.325,3.282,-0.299
1689806474.956,-2.303,3.051,-0.179
1689806474.956,-2.236,3.036,0.112
1689806475.016,-1.892,2.864,0.262
1689806475.016,-2.138,2.766,0.636
1689806475.016,-2.333,2.864,0.860
1689806475.075,-1.667,2.677,1.024
1689806475.075,-1.735,2.819,1.301
1689806475.075,-1.899,2.692,1.151
1689806475.121,-2.206,2.647,1.099
1689806475.121,-2.131,2.789,1.256
1689806475.121,-1.757,2.894,1.450
1689806475.184,-2.131,3.088,1.286
1689806475.184,-2.318,3.028,0.867
1689806475.184,-2.094,2.908,0.404
1689806475.240,-2.034,3.596,0.815
1689806475.240,-1.735,3.955,0.822
1689806475.240,-1.914,3.880,0.770
1689806475.300,-2.019,3.327,0.710
1689806475.300,-1.869,3.021,1.159
1689806475.300,-1.637,2.699,1.241
1689806475.346,-1.690,2.707,1.174
1689806475.346,-2.064,2.923,1.353
1689806475.346,-1.720,2.669,1.540
1689806475.405,-1.690,2.565,1.794
1689806475.405,-2.056,2.064,1.772
1689806475.405,-2.056,1.996,1.136
1689806475.469,-2.071,2.437,1.166
1689806475.469,-1.996,2.931,0.897
1689806475.469,-2.221,3.417,0.531
1689806475.545,-2.505,3.664,0.419
1689806475.545,-2.647,3.469,0.307
1689806475.545,-2.161,3.260,0.157
1689806475.585,-1.959,2.864,-0.015
1689806475.585,-2.265,2.789,0.239
1689806475.585,-2.400,2.654,0.493
1689806475.630,-2.079,2.587,0.912
1689806475.630,-2.475,2.849,1.525
1689806475.630,-2.019,3.065,1.465
1689806475.690,-2.094,3.110,1.525
1689806475.690,-1.907,3.282,1.488
1689806475.690,-2.079,3.664,1.383
1689806475.766,-1.652,3.574,1.062
1689806475.766,-2.206,3.581,0.658
1689806475.766,-2.400,3.940,0.097
1689806475.799,-2.221,4.344,0.082
1689806475.799,-1.951,4.703,0.344
1689806475.799,-1.862,4.479,0.202
1689806475.856,-2.303,4.075,0.292
1689806475.856,-2.385,3.836,0.703
1689806475.856,-1.720,3.237,1.077
1689806475.916,-1.465,3.110,1.353
1689806475.916,-1.391,2.729,1.742
1689806475.916,-1.615,2.677,1.944
1689806475.981,-1.645,2.400,2.288
1689806475.981,-1.615,2.071,2.430
1689806475.981,-1.690,1.727,1.877
1689806476.024,-1.824,1.959,1.525
1689806476.024,-1.765,2.101,1.092
1689806476.024,-1.996,2.639,0.508
1689806476.086,-2.482,3.021,-0.172
1689806476.086,-2.527,2.931,-0.516
1689806476.086,-1.899,2.923,-0.449
1689806476.140,-1.667,2.609,-0.179
1689806476.140,-1.757,2.467,0.135
1689806476.140,-1.996,2.512,0.434
1689806476.200,-2.206,2.445,1.181
1689806476.200,-2.198,2.587,1.413
1689806476.200,-1.682,3.080,1.675
1689806476.266,-1.854,3.357,1.398
1689806476.266,-2.378,3.813,1.279
1689806476.266,-2.430,3.903,1.256
1689806476.309,-2.041,3.753,1.518
1689806476.309,-1.652,3.454,1.226
1689806476.309,-2.116,2.946,1.144
1689806476.365,-2.505,2.729,0.740
1689806476.365,-2.153,3.148,1.107
1689806476.365,-2.146,3.641,1.578
1689806476.425,-2.071,3.537,1.712
1689806476.425,-2.340,3.282,1.518
1689806476.425,-2.251,2.699,1.129
1689806476.485,-1.757,2.213,1.136
1689806476.485,-1.608,2.288,1.211
1689806476.485,-1.436,2.415,1.054
1689806476.549,-1.331,2.475,1.077
1689806476.549,-1.107,2.348,0.897
1689806476.549,-1.637,2.131,0.718
1689806476.594,-2.056,2.101,0.718
1689806476.594,-2.034,2.251,0.568
1689806476.594,-1.608,3.163,0.583
1689806476.650,-2.026,3.604,0.479
1689806476.650,-2.071,3.604,-0.037
1689806476.650,-2.116,3.447,0.030
1689806476.725,-2.094,3.611,0.359
1689806476.725,-1.996,3.798,0.120
1689806476.725,-1.578,3.596,0.179
1689806476.770,-1.981,3.619,0.336
1689806476.770,-1.809,3.357,0.613
1689806476.770,-1.922,3.290,0.972
1689806476.834,-1.570,3.170,1.107
1689806476.834,-1.323,2.714,0.508
1689806476.834,-1.622,2.677,0.568
1689806476.877,-1.510,2.983,1.009
1689806476.877,-1.241,3.409,1.234
1689806476.877,-1.323,3.215,0.897
1689806476.939,-1.802,3.469,0.837
1689806476.939,-1.914,4.217,1.032
1689806476.939,-1.436,4.666,1.226
1689806476.995,-1.765,4.643,1.249
1689806476.995,-2.325,4.030,0.972
1689806476.995,-2.340,3.275,0.920
1689806477.055,-2.138,2.602,1.122
1689806477.055,-1.518,2.198,1.361
1689806477.055,-1.406,2.011,1.630
1689806477.106,-1.413,2.318,1.966
1689806477.106,-1.518,2.251,2.348
1689806477.106,-1.630,1.622,1.951
1689806477.160,-1.712,1.196,1.473
1689806477.160,-2.049,1.331,1.316
1689806477.160,-1.914,1.832,0.867
1689806477.220,-2.198,2.206,0.583
1689806477.220,-2.983,2.288,0.172
1689806477.220,-2.998,2.535,0.052
1689806477.280,-2.579,2.602,-0.030
1689806477.280,-2.497,2.662,0.269
1689806477.280,-2.542,3.021,0.643
1689806477.326,-2.669,2.819,0.606
1689806477.326,-2.774,2.677,0.860
1689806477.326,-2.393,2.699,1.069
1689806477.391,-2.004,2.430,1.084
1689806477.391,-2.243,2.572,1.099
1689806477.391,-2.131,2.430,1.122
1689806477.460,-1.899,2.684,1.151
1689806477.460,-1.892,2.729,1.219
1689806477.460,-2.019,2.632,1.107
1689806477.505,-2.587,2.923,1.391
1689806477.505,-2.378,3.223,1.413
1689806477.505,-2.370,4.030,1.690
1689806477.565,-2.221,4.209,1.667
1689806477.565,-2.594,4.157,1.308
1689806477.565,-2.363,3.656,0.538
1689806477.627,-2.452,3.163,0.202
1689806477.627,-1.989,2.557,-0.097
1689806477.627,-1.720,2.153,0.179
1689806477.676,-1.622,1.727,0.665
1689806477.676,-1.503,1.129,1.391
1689806477.676,-1.847,0.890,1.959
1689806477.732,-2.265,0.419,2.183
1689806477.732,-2.116,0.449,2.019
1689806477.732,-2.310,0.882,2.071
1689806477.790,-2.251,1.593,1.765
1689806477.790,-2.019,1.660,0.957
1689806477.790,-2.228,2.011,0.546
1689806477.836,-1.974,2.243,0.673
1689806477.836,-1.525,2.198,0.950
1689806477.836,-1.675,2.183,0.695
1689806477.899,-1.660,1.862,0.628
1689806477.899,-2.295,2.385,0.755
1689806477.899,-2.408,2.923,0.837
1689806477.956,-2.101,3.596,0.516
1689806477.956,-2.056,3.970,0.359
1689806477.956,-2.213,4.150,0.307
1689806478.015,-1.869,4.247,0.060
1689806478.015,-1.660,4.172,0.411
1689806478.015,-2.041,4.030,0.456
1689806478.061,-2.318,3.806,0.120
1689806478.061,-2.221,3.649,0.344
1689806478.061,-1.907,3.746,0.748
1689806478.120,-1.892,3.903,1.346
1689806478.120,-1.869,3.828,1.518
1689806478.120,-1.907,3.148,1.465
1689806478.184,-1.570,2.692,1.308
1689806478.184,-1.585,2.722,1.234
1689806478.184,-1.622,2.871,1.032
1689806478.231,-1.966,2.729,0.628
1689806478.231,-1.951,2.363,0.351
1689806478.231,-2.101,2.123,0.860
1689806478.300,-2.318,1.593,1.069
1689806478.300,-2.385,1.421,1.084
1689806478.300,-2.460,1.944,0.860
1689806478.345,-2.056,2.520,0.837
1689806478.345,-2.086,3.110,0.336
1689806478.345,-2.422,3.656,0.322
1689806478.405,-2.363,3.738,0.120
1689806478.405,-2.206,3.507,-0.254
1689806478.405,-2.019,3.402,-0.202
1689806478.468,-2.273,3.342,0.007
1689806478.468,-2.236,3.477,0.254
1689806478.468,-2.094,3.297,0.643
1689806478.516,-1.922,2.998,0.905
1689806478.516,-2.228,3.065,1.293
1689806478.516,-2.408,3.036,1.391
1689806478.571,-2.228,3.088,1.368
1689806478.571,-1.570,3.252,1.264
1689806478.571,-1.450,3.200,1.331
1689806478.630,-1.922,3.424,0.972
1689806478.630,-2.123,3.619,0.755
1689806478.630,-2.236,4.120,1.099
1689806478.690,-1.884,4.531,1.189
1689806478.690,-1.622,4.695,1.323
1689806478.690,-1.824,4.105,1.578
1689806478.751,-2.034,3.462,1.570
1689806478.751,-2.131,2.729,1.682
1689806478.751,-1.794,2.325,1.817
1689806478.800,-1.600,2.280,1.465
1689806478.800,-1.174,2.265,1.009
1689806478.800,-1.563,2.452,1.241
1689806478.855,-1.787,2.116,1.084
1689806478.855,-2.034,1.690,0.643
1689806478.855,-2.071,1.824,0.576
1689806478.915,-1.772,2.071,0.508
1689806478.915,-1.772,2.565,0.351
1689806478.915,-2.236,2.714,0.247
1689806478.975,-2.759,2.639,0.209
1689806478.975,-2.460,2.542,0.000
1689806478.975,-2.333,2.452,0.329
1689806479.024,-1.959,2.662,0.568
1689806479.024,-1.899,2.729,0.411
1689806479.024,-2.108,2.729,0.404
1689806479.082,-2.019,2.729,0.576
1689806479.082,-2.265,2.841,1.024
1689806479.082,-2.221,2.894,1.144
1689806479.140,-2.123,3.365,1.361
1689806479.140,-2.243,3.193,1.241
1689806479.140,-1.996,3.380,1.069
1689806479.200,-1.779,3.447,1.286
1689806479.200,-1.750,3.312,0.979
1689806479.200,-1.697,3.312,0.232
1689806479.266,-1.959,3.447,0.419
1689806479.266,-1.862,4.023,0.725
1689806479.266,-1.892,4.142,0.942
1689806479.309,-2.004,3.791,1.084
1689806479.309,-2.258,3.387,1.136
1689806479.309,-2.265,2.617,1.465
1689806479.365,-2.094,2.594,1.705
1689806479.365,-1.794,2.527,1.525
1689806479.365,-2.101,3.088,1.286
1689806479.425,-1.959,3.148,1.204
1689806479.425,-1.637,2.744,0.912
1689806479.425,-1.765,2.422,0.695
1689806479.485,-2.064,2.198,0.561
1689806479.485,-2.094,2.355,0.583
1689806479.485,-1.907,2.520,0.598
1689806479.550,-2.251,2.669,0.965
1689806479.550,-2.737,2.819,0.867
1689806479.550,-2.789,2.744,0.890
1689806479.594,-2.243,2.998,1.129
1689806479.594,-2.026,2.864,1.107
1689806479.594,-2.146,2.737,0.785
1689806479.670,-1.966,2.624,0.621
1689806479.670,-2.191,2.796,0.837
1689806479.670,-2.587,2.796,0.695
1689806479.710,-2.505,2.931,0.322
1689806479.710,-2.363,3.073,0.194
1689806479.710,-2.228,3.215,0.000
1689806479.758,-2.378,3.305,0.142
1689806479.758,-2.505,3.566,0.636
1689806479.758,-2.325,2.908,1.159
1689806479.832,-2.138,2.707,1.084
1689806479.832,-2.811,2.983,0.867
1689806479.832,-2.318,3.013,0.606
1689806479.876,-1.914,3.163,0.568
1689806479.876,-1.922,3.387,0.688
1689806479.876,-2.251,3.634,0.516
1689806479.935,-2.430,3.170,0.112
1689806479.935,-2.535,2.437,0.471
1689806479.935,-2.056,2.273,0.650
1689806479.995,-2.131,2.123,0.920
1689806479.995,-1.847,2.280,0.852
1689806479.995,-1.951,2.781,1.383
1689806480.041,-1.675,2.819,1.436
1689806480.041,-1.802,2.572,0.882
1689806480.041,-1.712,2.363,0.179
1689806480.117,-1.510,2.692,0.030
1689806480.117,-1.660,3.193,-0.075
1689806480.117,-1.675,3.372,-0.538
1689806480.160,-2.011,3.664,-0.508
1689806480.160,-2.206,3.806,-0.299
1689806480.160,-1.951,3.858,0.060
1689806480.220,-2.049,3.963,0.553
1689806480.220,-2.064,4.030,1.054
1689806480.220,-1.892,3.589,1.525
1689806480.281,-2.019,3.649,1.794
1689806480.281,-2.146,3.514,2.108
1689806480.281,-1.705,3.073,1.951
1689806480.325,-1.705,2.826,1.652
1689806480.325,-1.869,3.193,1.593
1689806480.325,-1.682,2.699,1.204
1689806480.401,-1.495,2.774,1.256
1689806480.401,-1.084,3.006,1.189
1689806480.401,-1.301,3.125,0.710
1689806480.445,-1.413,3.454,0.374
1689806480.445,-1.406,3.880,0.875
1689806480.445,-1.675,4.583,1.361
1689806480.520,-2.034,4.875,1.705
1689806480.520,-2.288,4.576,1.862
1689806480.520,-2.243,4.374,1.989
1689806480.550,-2.041,4.037,1.996
1689806480.550,-1.854,4.105,2.378
1689806480.550,-1.854,4.157,2.236
1689806480.610,-1.622,4.075,2.161
1689806480.610,-1.077,3.768,1.959
1689806480.610,-1.353,3.223,1.765
1689806480.688,-1.473,2.527,1.279
1689806480.688,-1.361,2.303,1.159
1689806480.688,-1.495,2.894,1.308
1689806480.730,-1.779,3.043,1.293
1689806480.730,-2.146,3.402,1.391
1689806480.730,-2.056,3.596,1.241
1689806480.775,-2.430,3.417,1.323
1689806480.775,-3.208,3.140,1.301
1689806480.775,-3.768,2.796,1.211
1689806480.835,-4.314,2.228,1.376
1689806480.835,-4.105,1.914,1.637
1689806480.835,-3.866,1.951,1.593
1689806480.898,-3.559,2.340,1.518
1689806480.898,-3.080,2.766,1.039
1689806480.898,-2.273,3.073,0.800
1689806480.956,-1.234,3.492,1.032
1689806480.956,-0.359,3.993,1.279
1689806480.956,-0.090,4.419,1.144
1689806481.015,-0.673,4.337,0.785
1689806481.015,-1.608,4.785,0.882
1689806481.015,-2.557,5.054,0.800
1689806481.060,-3.200,5.279,0.404
1689806481.060,-3.574,5.316,0.105
1689806481.060,-3.701,5.077,-0.531
1689806481.120,-3.806,4.606,-0.725
1689806481.120,-3.708,4.337,-0.778
1689806481.120,-3.006,3.978,-0.703
1689806481.184,-2.617,3.462,-0.164
1689806481.184,-2.049,3.148,0.314
1689806481.184,-1.899,2.497,0.965
1689806481.230,-2.430,1.600,1.608
1689806481.230,-2.206,0.950,1.660
1689806481.230,-2.153,0.688,1.720
1689806481.285,-2.243,0.957,1.712
1689806481.285,-2.505,1.099,1.391
1689806481.285,-2.789,1.159,0.665
1689806481.345,-3.065,1.099,-0.037
1689806481.345,-3.051,0.920,-0.037
1689806481.345,-2.707,0.860,0.224
1689806481.405,-2.325,0.905,0.090
1689806481.405,-2.707,0.972,0.329
1689806481.405,-2.871,1.017,0.456
1689806481.468,-2.116,1.308,0.404
1689806481.468,-2.049,1.765,0.277
1689806481.468,-2.310,2.415,0.164
1689806481.516,-2.213,2.729,0.209
1689806481.516,-2.325,3.372,0.479
1689806481.516,-2.079,3.140,0.322
1689806481.570,-2.445,2.826,-0.135
1689806481.570,-2.557,2.961,-0.366
1689806481.570,-2.363,3.634,0.164
1689806481.630,-2.019,3.858,0.471
1689806481.630,-2.228,4.157,0.650
1689806481.630,-2.475,3.933,1.151
1689806481.690,-2.079,3.537,0.950
1689806481.690,-1.346,3.327,0.942
1689806481.690,-0.837,2.789,1.084
1689806481.751,-0.486,2.901,1.241
1689806481.751,-0.807,3.103,0.905
1689806481.751,-1.196,2.968,0.837
1689806481.798,-1.548,2.520,1.099
1689806481.798,-1.772,2.146,0.965
1689806481.798,-2.408,1.697,1.166
1689806481.870,-2.378,1.727,1.241
1689806481.870,-2.385,2.280,1.241
1689806481.870,-2.624,2.594,1.391
1689806481.915,-2.722,3.140,1.436
1689806481.915,-2.505,3.260,1.271
1689806481.915,-2.086,3.148,0.860
1689806481.975,-1.637,2.864,0.441
1689806481.975,-1.660,2.550,0.516
1689806481.975,-1.585,2.393,0.598
1689806482.024,-1.383,2.295,0.793
1689806482.024,-1.279,1.854,0.957
1689806482.024,-1.622,1.727,1.376
1689806482.081,-1.966,1.473,1.368
1689806482.081,-1.974,1.869,1.757
1689806482.081,-1.690,1.974,1.966
1689806482.141,-2.108,2.370,1.802
1689806482.141,-2.437,2.699,1.196
1689806482.141,-2.692,3.065,0.778
1689806482.200,-2.325,3.731,0.449
1689806482.200,-2.617,3.903,0.396
1689806482.200,-2.841,3.963,0.314
1689806482.245,-3.394,3.828,0.284
1689806482.245,-3.387,3.559,0.336
1689806482.245,-2.781,3.073,0.419
1689806482.309,-2.146,2.774,0.725
1689806482.309,-1.488,2.722,0.837
1689806482.309,-1.189,2.819,1.279
1689806482.365,-1.136,2.796,1.750
1689806482.365,-1.062,2.370,1.593
1689806482.365,-1.622,1.787,1.436
1689806482.425,-1.667,1.682,1.286
1689806482.425,-1.862,2.430,1.480
1689806482.425,-2.385,2.901,1.017
1689806482.486,-2.811,3.185,0.553
1689806482.486,-3.088,3.492,0.217
1689806482.486,-2.931,3.477,-0.105
1689806482.549,-2.482,3.447,-0.075
1689806482.549,-2.273,3.551,-0.067
1689806482.549,-2.041,3.409,-0.164
1689806482.594,-2.041,3.215,0.135
1689806482.594,-1.720,3.155,0.449
1689806482.594,-1.256,3.140,1.077
1689806482.650,-1.794,3.051,1.690
1689806482.650,-2.221,2.789,2.198
1689806482.650,-2.108,2.751,2.572
1689806482.711,-1.690,2.594,2.617
1689806482.711,-1.735,2.542,2.325
1689806482.711,-2.004,2.684,2.123
1689806482.755,-1.929,3.155,1.690
1689806482.755,-1.540,3.768,1.436
1689806482.755,-1.892,4.172,1.376
1689806482.831,-2.123,4.105,0.927
1689806482.831,-2.258,3.798,0.501
1689806482.831,-2.086,3.342,0.269
1689806482.876,-2.348,3.006,0.695
1689806482.876,-2.722,2.886,0.658
1689806482.876,-2.864,3.133,0.636
1689806482.935,-2.191,3.021,0.875
1689806482.935,-2.490,3.223,1.495
1689806482.935,-2.579,2.639,1.069
1689806482.995,-2.505,2.512,0.770
1689806482.995,-2.467,2.677,0.650
1689806482.995,-2.550,3.133,0.867
1689806483.041,-3.095,2.961,0.852
1689806483.041,-3.499,2.684,0.950
1689806483.041,-3.387,2.153,1.032
1689806483.130,-3.252,2.026,1.436
1689806483.130,-3.290,2.011,1.533
1689806483.130,-2.871,2.153,1.465
1689806483.160,-2.684,2.108,1.413
1689806483.160,-2.430,2.280,1.503
1689806483.160,-1.869,2.482,1.316
1689806483.222,-1.854,2.594,1.002
1689806483.222,-2.228,2.557,0.456
1689806483.222,-2.408,2.467,0.142
1689806483.266,-2.273,2.303,0.052
1689806483.266,-2.116,1.854,0.254
1689806483.266,-2.251,1.750,0.120
1689806483.325,-2.378,1.929,0.127
1689806483.325,-2.108,2.632,0.636
1689806483.325,-1.637,3.880,1.331
1689806483.404,-0.935,5.234,1.540
1689806483.404,-0.733,6.041,0.920
1689806483.404,-0.538,6.206,0.105
1689806483.445,-0.538,5.944,-0.613
1689806483.445,-0.561,5.114,-1.316
1689806483.445,-0.740,3.806,-0.897
1689806483.490,-0.763,2.639,0.194
1689806483.490,-1.047,1.779,2.692
1689806483.490,-1.779,0.508,5.361
1689806483.550,-2.961,-0.523,8.322
1689806483.550,-3.566,-0.950,10.722
1689806483.550,-3.230,-0.254,12.471
1689806483.610,-2.415,1.473,12.524
1689806483.610,-1.660,3.417,10.946
1689806483.610,-1.084,4.980,8.030
1689806483.673,-1.406,5.929,5.084
1689806483.673,-1.802,6.034,2.086
1689806483.673,-2.064,5.832,-0.546
1689806483.718,-2.707,5.615,-3.013
1689806483.718,-2.991,5.032,-5.570
1689806483.718,-2.961,4.389,-7.073
1689806483.775,-2.871,4.800,-7.499
1689806483.775,-2.579,5.660,-6.595
1689806483.775,-2.101,5.974,-4.852
1689806483.836,-1.585,6.116,-2.333
1689806483.836,-0.336,5.869,0.576
1689806483.836,0.000,4.890,3.447
1689806483.896,-0.269,3.514,5.503
1689806483.896,0.022,2.056,7.432
1689806483.896,0.606,1.308,8.875
1689806483.961,0.673,1.181,9.682
1689806483.961,1.413,0.793,9.391
1689806483.961,1.548,0.673,8.367
1689806484.000,1.256,0.336,6.714
1689806484.000,0.890,-0.553,4.935
1689806484.000,0.374,-1.196,2.998
1689806484.060,-0.075,-1.383,1.839
1689806484.060,-0.815,-1.084,1.495
1689806484.060,-1.458,-0.486,1.712
1689806484.120,-2.430,-0.209,2.004
1689806484.120,-3.454,-0.404,2.333
1689806484.120,-4.254,-0.022,2.677
1689806484.180,-4.800,0.972,2.520
1689806484.180,-5.615,2.138,2.056
1689806484.180,-5.884,3.365,1.122
1689806484.240,-5.294,4.381,-0.105
1689806484.240,-4.531,5.421,-1.450
1689806484.240,-3.604,6.071,-2.535
1689806484.285,-3.163,6.004,-3.604
1689806484.285,-3.021,5.824,-4.381
1689806484.285,-3.103,5.495,-3.851
1689806484.345,-2.834,4.927,-3.043
1689806484.345,-2.781,3.970,-2.527
1689806484.345,-2.647,3.006,-1.944
1689806484.405,-2.310,2.393,-0.927
1689806484.405,-1.705,2.056,0.247
1689806484.405,-1.787,1.660,1.039
1689806484.468,-1.922,1.488,1.323
1689806484.468,-2.011,1.450,1.735
1689806484.468,-1.779,2.079,1.809
1689806484.515,-1.772,2.138,1.391
1689806484.515,-1.899,2.228,1.047
1689806484.515,-1.989,2.191,0.703
1689806484.570,-1.570,2.071,0.598
1689806484.570,-1.136,2.094,0.882
1689806484.570,-0.942,2.183,1.226
1689806484.630,-1.009,2.325,1.622
1689806484.630,-0.830,2.370,2.116
1689806484.630,-0.860,2.333,2.781
1689806484.705,-1.383,2.161,3.133
1689806484.705,-1.353,2.408,3.133
1689806484.705,-1.151,2.437,2.916
1689806484.751,-1.009,2.938,2.729
1689806484.751,-1.465,3.551,2.273
1689806484.751,-1.570,3.641,1.944
1689806484.798,-1.787,3.611,1.630
1689806484.798,-1.824,3.432,1.637
1689806484.798,-1.847,3.537,1.107
1689806484.855,-2.064,3.499,0.785
1689806484.855,-2.310,3.447,0.299
1689806484.855,-2.587,3.125,-0.366
1689806484.930,-2.355,3.230,-0.568
1689806484.930,-2.482,3.013,-0.875
1689806484.930,-2.998,2.430,-0.680
1689806484.960,-2.879,2.153,-0.381
1689806484.960,-2.579,2.094,-0.030
1689806484.960,-2.153,1.817,0.150
1689806485.023,-2.415,1.765,-0.045
1689806485.023,-2.759,2.131,0.172
1689806485.023,-2.273,2.662,0.396
1689806485.081,-2.079,3.357,0.314
1689806485.081,-2.251,3.664,0.508
1689806485.081,-2.273,3.245,0.381
1689806485.140,-2.041,2.340,0.456
1689806485.140,-1.555,1.951,0.613
1689806485.140,-1.779,2.318,1.249
1689806485.200,-1.772,2.520,1.241
1689806485.200,-1.615,2.946,1.174
1689806485.200,-1.585,3.394,1.159
1689806485.245,-1.765,3.641,0.875
1689806485.245,-1.847,3.895,0.329
1689806485.245,-1.593,4.239,-0.022
1689806485.308,-1.264,4.471,-0.538
1689806485.308,-1.735,4.867,-0.426
1689806485.308,-2.094,4.837,-0.441
1689806485.365,-2.131,4.426,-0.381
1689806485.365,-1.772,3.454,-0.299
1689806485.365,-1.839,2.871,0.344
1689806485.425,-1.533,2.535,0.807
1689806485.425,-1.862,2.116,1.129
1689806485.425,-1.794,1.832,1.286
1689806485.470,-2.108,1.779,1.488
1689806485.470,-2.049,1.787,1.353
1689806485.470,-2.251,1.779,1.279
1689806485.530,-2.146,1.877,1.495
1689806485.530,-1.697,2.183,1.907
1689806485.530,-1.525,2.295,2.131
1689806485.606,-2.034,2.064,1.869
1689806485.606,-2.355,2.348,1.600
1689806485.606,-2.535,3.058,1.630
1689806485.655,-2.497,3.559,1.667
1689806485.655,-2.579,4.082,1.249
1689806485.655,-2.684,4.277,0.710
1689806485.710,-2.856,4.262,0.067
1689806485.710,-2.422,4.052,-0.217
1689806485.710,-2.198,3.821,-0.217
1689806485.771,-2.041,3.783,-0.531
1689806485.771,-2.191,3.753,-0.292
1689806485.771,-2.191,3.686,0.576
1689806485.831,-2.243,2.864,0.733
1689806485.831,-2.191,2.460,0.778
1689806485.831,-1.951,2.587,0.875
1689806485.875,-2.071,3.021,0.822
1689806485.875,-2.251,3.312,0.269
1689806485.875,-2.841,3.619,-0.411
1689806485.924,-2.841,3.686,-0.606
1689806485.924,-2.587,3.432,-0.665
1689806485.924,-1.929,3.013,-0.763
1689806485.980,-1.839,2.677,-0.673
1689806485.980,-1.959,2.609,-0.292
1689806485.980,-2.056,1.869,0.015
1689806486.040,-2.056,1.884,0.800
1689806486.040,-1.892,1.936,1.107
1689806486.040,-1.907,2.019,1.293
1689806486.116,-1.720,2.557,1.361
1689806486.116,-1.211,2.639,1.503
1689806486.116,-1.092,2.804,1.757
1689806486.149,-1.219,2.946,1.458
1689806486.149,-1.787,3.028,1.122
1689806486.149,-1.914,3.477,1.548
1689806486.206,-1.518,4.292,1.914
1689806486.206,-1.159,4.568,1.877
1689806486.206,-1.682,4.606,1.682
1689806486.265,-1.929,3.948,1.473
1689806486.265,-1.899,3.768,1.772
1689806486.265,-1.585,3.738,1.727
1689806486.325,-1.413,3.821,1.630
1689806486.325,-1.488,3.656,1.196
1689806486.325,-1.323,3.686,1.608
1689806486.390,-1.219,3.424,1.555
1689806486.390,-1.697,2.714,1.630
1689806486.390,-1.817,2.370,1.585
1689806486.434,-1.667,2.602,1.368
1689806486.434,-1.847,2.923,0.987
1689806486.434,-2.004,3.163,0.531
1689806486.490,-2.348,3.394,0.030
1689806486.490,-2.325,3.335,0.142
1689806486.490,-2.161,3.237,-0.082
1689806486.550,-1.787,3.320,-0.284
1689806486.550,-1.877,3.065,-0.277
1689806486.550,-1.914,2.729,-0.419
1689806486.610,-1.936,2.452,-0.194
1689806486.610,-1.989,2.647,0.449
1689806486.610,-1.989,2.393,0.523
1689806486.673,-1.951,2.049,0.703
1689806486.673,-1.533,2.520,1.301
1689806486.673,-1.279,2.617,1.660
1689806486.718,-1.839,2.557,2.146
1689806486.718,-2.004,3.193,2.325
1689806486.718,-1.727,3.708,2.968
1689806486.775,-1.787,3.978,3.275
1689806486.775,-2.034,3.828,3.118
1689806486.775,-2.049,3.252,2.849
1689806486.835,-2.161,2.804,2.393
1689806486.835,-2.123,2.535,2.079
1689806486.835,-1.824,2.333,2.034
1689806486.895,-1.989,2.520,1.697
1689806486.895,-2.131,2.662,1.308
1689806486.895,-1.839,2.639,1.219
1689806486.960,-2.176,2.280,0.927
1689806486.960,-2.819,1.966,0.606
1689806486.960,-2.766,2.019,0.621
1689806487.000,-2.393,2.221,0.658
1689806487.000,-2.632,2.856,0.636
1689806487.000,-2.886,3.267,0.239
1689806487.060,-3.125,2.968,0.179
1689806487.060,-3.036,2.722,0.366
1689806487.060,-2.916,2.819,0.538
1689806487.120,-3.028,2.991,0.314
1689806487.120,-3.036,2.408,0.015
1689806487.120,-2.849,1.832,0.007
1689806487.180,-2.819,1.847,0.150
1689806487.180,-2.684,1.779,0.381
1689806487.180,-2.968,1.712,0.748
1689806487.231,-2.864,1.951,1.047
1689806487.231,-2.490,2.101,1.241
1689806487.231,-2.318,2.325,0.987
1689806487.285,-2.707,2.325,0.516
1689806487.285,-2.737,2.587,0.292
1689806487.285,-2.901,3.365,0.307
1689806487.345,-2.422,3.723,0.247
1689806487.345,-2.370,3.589,0.067
1689806487.345,-2.146,3.357,0.269
1689806487.420,-1.936,2.879,0.501
1689806487.420,-2.153,2.587,0.396
1689806487.420,-2.348,2.265,0.523
1689806487.450,-2.079,2.318,0.673
1689806487.450,-1.981,2.041,0.299
1689806487.450,-1.428,1.989,0.576
1689806487.541,-1.862,1.869,0.658
1689806487.541,-2.056,1.705,0.965
1689806487.541,-1.712,1.884,1.166
1689806487.585,-1.735,2.467,1.241
1689806487.585,-1.869,2.669,1.361
1689806487.585,-2.176,3.185,1.122
1689806487.630,-2.467,3.350,0.815
1689806487.630,-2.460,3.208,0.793
1689806487.630,-2.340,2.916,0.658
1689806487.676,-2.295,3.163,0.426
1689806487.676,-2.251,3.036,0.179
1689806487.676,-2.146,3.163,0.217
1689806487.754,-2.340,3.589,0.576
1689806487.754,-2.146,3.895,0.479
1689806487.754,-2.437,4.097,0.598
1689806487.798,-2.378,4.224,0.807
1689806487.798,-2.400,4.351,1.114
1689806487.798,-2.467,4.180,1.144
1689806487.855,-2.647,4.060,0.912
1689806487.855,-2.572,4.247,0.583
1689806487.855,-2.542,4.815,1.017
1689806487.905,-2.393,5.092,0.718
1689806487.905,-2.542,5.054,0.449
1689806487.905,-2.774,4.680,0.000
1689806487.976,-2.251,4.052,-0.179
1689806487.976,-1.981,3.365,-0.202
1689806487.976,-2.041,3.006,0.082
1689806488.024,-2.191,2.931,0.359
1689806488.024,-1.981,2.781,0.942
1689806488.024,-1.383,2.639,1.436
1689806488.080,-1.480,2.273,1.503
1689806488.080,-1.660,2.206,1.593
1689806488.080,-1.839,2.467,1.869
1689806488.155,-1.989,2.729,1.630
1689806488.155,-1.907,3.006,1.279
1689806488.155,-2.355,3.103,0.867
1689806488.185,-2.609,3.252,0.583
1689806488.185,-2.505,2.908,0.733
1689806488.185,-2.520,2.759,0.957
1689806488.261,-2.557,2.520,0.920
1689806488.261,-2.288,2.228,0.680
1689806488.261,-1.989,2.258,1.069
1689806488.309,-1.338,2.318,0.837
1689806488.309,-1.465,2.348,0.643
1689806488.309,-1.660,2.520,1.151
1689806488.355,-2.026,2.856,1.406
1689806488.355,-1.652,2.886,1.652
1689806488.355,-1.847,2.692,1.308
1689806488.425,-2.295,2.796,1.039
1689806488.425,-2.385,3.095,0.695
1689806488.425,-1.869,3.821,0.822
1689806488.485,-1.772,4.232,0.621
1689806488.485,-2.325,4.845,0.591
1689806488.485,-2.520,4.023,0.194
1689806488.546,-2.146,3.619,0.434
1689806488.546,-1.914,3.335,0.546
1689806488.546,-2.034,3.125,0.613
1689806488.593,-1.936,2.938,1.002
1689806488.593,-1.510,2.751,1.480
1689806488.593,-1.555,2.378,2.183
1689806488.655,-1.794,2.019,2.108
1689806488.655,-2.168,1.839,1.757
1689806488.655,-2.251,2.064,1.084
1689806488.699,-2.378,2.542,0.725
1689806488.699,-2.146,2.991,0.419
1689806488.699,-2.295,3.342,-0.007
1689806488.755,-2.318,3.103,-0.479
1689806488.755,-2.445,2.983,-0.120
1689806488.755,-2.415,2.998,-0.135
1689806488.816,-2.437,2.901,0.015
1689806488.816,-2.265,3.110,0.277
1689806488.816,-2.295,3.140,0.568
1689806488.875,-2.333,3.394,0.950
1689806488.875,-2.243,3.387,1.353
1689806488.875,-2.363,3.260,1.196
1689806488.923,-2.370,3.095,1.413
1689806488.923,-2.108,3.036,1.645
1689806488.923,-1.652,2.819,2.049
1689806488.980,-1.832,2.923,1.869
1689806488.980,-2.378,3.028,1.660
1689806488.980,-1.936,3.335,1.181
1689806489.040,-1.406,3.813,1.084
1689806489.040,-0.965,4.351,1.077
1689806489.040,-1.518,4.224,1.062
1689806489.105,-1.794,3.671,1.084
1689806489.105,-1.697,2.998,1.151
1689806489.105,-1.204,2.864,1.166
1689806489.148,-1.473,2.864,1.219
1689806489.148,-1.593,3.260,1.241
1689806489.148,-1.473,3.499,1.099
1689806489.210,-1.316,3.200,0.650
1689806489.210,-1.518,2.849,0.239
1689806489.210,-1.824,2.146,0.359
1689806489.265,-1.735,1.981,0.366
1689806489.265,-1.690,2.041,1.114
1689806489.265,-2.206,2.056,1.720
1689806489.325,-2.363,1.869,1.892
1689806489.325,-2.198,1.959,1.892
1689806489.325,-1.899,1.974,1.854
1689806489.432,-1.495,2.295,1.817
1689806489.432,-1.323,2.452,1.406
1689806489.432,-1.114,2.505,0.733
1689806489.437,-1.241,2.699,0.688
1689806489.437,-0.658,2.811,0.179
1689806489.437,-0.852,3.208,-0.052
1689806489.490,-1.398,3.581,0.082
1689806489.490,-2.355,3.380,-0.007
1689806489.490,-2.348,3.604,0.127
1689806489.550,-2.288,3.843,0.561
1689806489.550,-1.712,3.529,0.015
1689806489.550,-2.056,3.828,-0.030
1689806489.610,-2.198,4.180,0.112
1689806489.610,-2.422,5.069,0.598
1689806489.610,-1.839,5.989,1.107
1689806489.673,-1.690,6.019,1.241
1689806489.673,-1.996,5.525,1.391
1689806489.673,-2.094,4.882,1.293
1689806489.734,-1.794,4.329,1.092
1689806489.734,-1.690,3.910,1.069
1689806489.734,-1.959,3.806,1.039
1689806489.790,-1.862,3.798,1.181
1689806489.790,-1.585,3.574,1.256
1689806489.790,-1.907,3.170,1.204
1689806489.835,-2.236,2.647,0.965
1689806489.835,-2.138,2.579,0.606
1689806489.835,-1.959,2.744,0.508
1689806489.895,-2.288,3.237,0.396
1689806489.895,-2.602,3.424,0.097
1689806489.895,-2.333,3.365,0.000
1689806489.960,-2.191,2.976,-0.037
1689806489.960,-2.295,3.065,0.007
1689806489.960,-2.258,2.722,0.030
1689806490.000,-2.520,2.527,0.419
1689806490.000,-2.176,2.819,0.389
1689806490.000,-2.064,2.699,0.591
1689806490.060,-1.802,2.841,0.830
1689806490.060,-1.914,3.185,1.107
1689806490.060,-2.079,2.744,1.099
1689806490.135,-1.929,2.490,1.398
1689806490.135,-1.286,2.624,1.966
1689806490.135,-1.062,2.542,1.817
1689806490.181,-1.667,2.729,1.929
1689806490.181,-1.750,3.200,1.802
1689806490.181,-1.779,3.895,2.108
1689806490.231,-1.959,4.142,2.034
1689806490.231,-2.452,3.768,1.914
1689806490.231,-2.879,3.125,1.922
1689806490.317,-2.535,2.422,1.765
1689806490.317,-2.086,2.108,2.101
1689806490.317,-1.750,1.944,2.206
1689806490.345,-1.996,2.004,2.273
1689806490.345,-1.765,2.183,2.378
1689806490.345,-1.832,2.123,2.251
1689806490.390,-2.340,2.026,1.832
1689806490.390,-2.542,1.525,1.353
1689806490.390,-2.841,1.323,0.935
1689806490.450,-3.043,1.765,0.523
1689806490.450,-2.998,2.176,-0.389
1689806490.450,-2.938,2.542,-0.875
1689806490.515,-2.811,2.400,-0.957
1689806490.515,-2.819,2.550,-0.800
1689806490.515,-2.565,2.385,-0.763
1689806490.570,-2.497,2.729,-0.471
1689806490.570,-2.609,2.707,-0.441
1689806490.570,-2.602,2.669,-0.202
1689806490.621,-2.303,2.617,0.150
1689806490.621,-2.004,2.579,0.224
1689806490.621,-2.108,2.983,0.568
1689806490.690,-2.490,3.118,0.830
1689806490.690,-2.198,3.110,0.987
1689806490.690,-2.019,2.796,1.256
1689806490.751,-2.116,2.841,1.787
1689806490.751,-2.310,3.185,1.398
1689806490.751,-2.505,3.394,1.136
1689806490.811,-2.251,3.933,1.099
1689806490.811,-1.981,4.322,1.189
1689806490.811,-2.340,4.060,0.606
1689806490.844,-2.669,3.544,0.501
1689806490.844,-1.869,2.774,0.815
1689806490.844,-1.936,2.609,1.054
1689806490.905,-1.675,2.572,1.114
1689806490.905,-1.765,2.796,1.136
1689806490.905,-2.004,2.901,1.533
1689806490.975,-1.802,2.684,1.600
1689806490.975,-1.974,2.355,1.353
1689806490.975,-1.892,2.213,1.144
1689806491.038,-1.959,2.572,1.181
1689806491.038,-2.101,2.804,1.234
1689806491.038,-2.243,3.327,1.316
1689806491.085,-2.452,3.619,0.710
1689806491.085,-2.565,3.813,0.351
1689806491.085,-2.393,3.492,0.486
1689806491.140,-2.094,3.312,0.822
1689806491.140,-2.213,3.290,0.845
1689806491.140,-1.772,3.095,0.710
1689806491.200,-1.772,2.834,0.628
1689806491.200,-2.071,2.886,0.725
1689806491.200,-2.236,3.178,0.748
1689806491.245,-2.011,3.551,0.643
1689806491.245,-1.974,3.312,0.658
1689806491.245,-1.877,3.208,0.979
1689806491.308,-1.757,3.051,1.077
1689806491.308,-1.279,2.871,1.219
1689806491.308,-2.034,2.497,0.882
1689806491.370,-2.624,2.677,1.077
1689806491.370,-2.520,3.133,1.017
1689806491.370,-2.049,3.634,0.837
1689806491.425,-1.772,4.090,0.942
1689806491.425,-1.750,3.701,0.770
1689806491.425,-2.251,3.245,0.740
1689806491.470,-2.206,2.983,0.793
1689806491.470,-1.787,2.744,0.837
1689806491.470,-1.981,2.781,0.807
1689806491.531,-1.645,2.624,0.837
1689806491.531,-1.622,2.759,1.293
1689806491.531,-1.959,2.789,1.465
1689806491.593,-2.228,2.280,1.421
1689806491.593,-2.445,2.363,1.331
1689806491.593,-2.505,2.819,1.376
1689806491.640,-2.280,3.312,1.069
1689806491.640,-2.280,3.761,0.606
1689806491.640,-2.744,3.903,0.150
1689806491.695,-2.699,3.746,-0.404
1689806491.695,-2.108,3.686,-0.396
1689806491.695,-1.809,3.686,-0.359
1689806491.755,-1.892,3.372,-0.082
1689806491.755,-1.585,3.245,0.284
1689806491.755,-1.862,3.095,0.830
1689806491.815,-2.146,3.125,1.331
1689806491.815,-2.430,3.484,1.697
1689806491.815,-2.191,3.514,1.944
1689806491.875,-2.176,3.305,1.869
1689806491.875,-2.131,2.968,1.824
1689806491.875,-1.712,2.811,1.570
1689806491.922,-1.488,2.460,1.189
1689806491.922,-1.951,2.467,0.381
1689806491.922,-2.026,2.400,0.449
1689806491.980,-1.884,2.946,0.755
1689806491.980,-1.929,3.439,0.950
1689806491.980,-1.772,3.275,0.822
1689806492.043,-2.191,2.856,0.763
1689806492.043,-2.445,2.587,1.151
1689806492.043,-2.265,2.363,1.450
1689806492.100,-1.989,2.565,1.428
1689806492.100,-1.817,2.998,1.398
1689806492.100,-1.353,3.245,1.421
1689806492.148,-1.622,3.237,1.667
1689806492.148,-1.578,3.028,1.092
1689806492.148,-2.258,2.647,0.643
1689806492.205,-2.632,2.617,0.239
1689806492.205,-2.467,2.968,0.344
1689806492.205,-2.251,3.155,0.179
1689806492.265,-2.677,3.058,0.621
1689806492.265,-2.781,3.013,0.867
1689806492.265,-2.520,2.894,1.062
1689806492.325,-2.340,2.804,1.353
1689806492.325,-2.355,2.310,1.436
1689806492.325,-2.011,2.011,0.867
1689806492.386,-1.712,1.832,0.336
1689806492.386,-1.974,2.251,0.142
1689806492.386,-2.034,2.363,-0.120
1689806492.433,-2.041,2.617,-0.090
1689806492.433,-2.228,3.065,-0.374
1689806492.433,-2.729,3.267,-0.486
1689806492.505,-2.632,3.492,-0.179
1689806492.505,-2.565,3.806,0.419
1689806492.505,-2.303,3.566,1.099
1689806492.565,-2.759,3.372,1.293
1689806492.565,-2.662,3.409,1.174
1689806492.565,-2.034,4.426,1.495
1689806492.610,-1.660,5.032,1.503
1689806492.610,-1.720,5.009,1.667
1689806492.610,-2.213,4.823,1.368
1689806492.674,-2.138,4.112,0.950
1689806492.674,-1.765,3.484,0.860
1689806492.674,-1.563,2.976,0.800
1689806492.718,-1.682,3.080,1.376
1689806492.718,-1.727,2.938,1.107
1689806492.718,-1.443,2.565,1.346
1689806492.779,-1.817,2.400,1.615
1689806492.779,-2.258,1.981,1.443
1689806492.779,-2.460,1.899,1.279
1689806492.835,-2.206,2.378,0.785
1689806492.835,-2.079,2.968,0.389
1689806492.835,-2.445,3.484,-0.105
1689806492.910,-2.340,3.320,-0.583
1689806492.910,-2.310,3.200,-0.763
1689806492.910,-2.251,3.058,-0.815
1689806492.955,-1.899,2.864,-0.561
1689806492.955,-1.824,2.677,-0.284
1689806492.955,-1.802,2.333,0.254
1689806493.000,-1.899,2.512,0.822
1689806493.000,-1.779,2.594,1.084
1689806493.000,-1.682,2.497,1.077
1689806493.063,-1.772,2.654,1.368
1689806493.063,-2.206,2.579,1.630
1689806493.063,-2.004,2.557,1.413
1689806493.105,-1.832,2.587,1.518
1689806493.105,-1.914,2.572,1.323
1689806493.105,-1.966,2.684,1.189
1689806493.165,-2.034,2.923,0.837
1689806493.165,-1.817,3.559,1.002
1689806493.165,-1.585,4.172,1.383
1689806493.230,-1.779,4.008,1.271
1689806493.230,-2.094,3.895,1.144
1689806493.230,-2.019,3.791,0.725
1689806493.300,-1.802,3.469,0.748
1689806493.300,-1.563,3.133,0.733
1689806493.300,-1.518,2.953,0.987
1689806493.345,-1.391,2.811,1.615
1689806493.345,-1.144,2.737,1.996
1689806493.345,-1.570,2.400,2.228
1689806493.390,-1.817,2.004,2.258
1689806493.390,-1.742,1.944,1.892
1689806493.390,-1.974,2.198,1.413
1689806493.465,-2.295,2.894,0.852
1689806493.465,-2.602,3.312,0.396
1689806493.465,-2.759,3.140,0.329
1689806493.530,-2.280,3.215,0.142
1689806493.530,-2.086,3.342,0.284
1689806493.530,-2.280,3.140,0.471
1689806493.570,-2.348,3.297,0.927
1689806493.570,-2.221,3.208,0.912
1689806493.570,-1.884,3.133,1.204
1689806493.620,-2.071,3.365,1.428
1689806493.620,-2.535,3.215,1.293
1689806493.620,-2.774,3.223,1.099
1689806493.675,-2.639,3.626,1.465
1689806493.675,-2.385,3.462,1.480
1689806493.675,-2.594,3.424,0.950
1689806493.735,-2.796,3.320,0.890
1689806493.735,-3.073,3.350,0.763
1689806493.735,-2.692,3.836,0.598
1689806493.829,-2.804,3.836,0.927
1689806493.829,-2.901,3.529,0.793
1689806493.829,-2.886,3.073,0.202
1689806493.855,-3.021,2.467,0.052
1689806493.855,-2.482,1.996,0.179
1689806493.855,-2.393,1.862,0.239
1689806493.900,-2.131,1.817,0.553
1689806493.900,-1.802,1.518,0.972
1689806493.900,-1.735,1.667,1.196
1689806493.975,-1.682,1.264,1.174
1689806493.975,-1.862,1.271,0.935
1689806493.975,-2.116,1.555,0.942
1689806494.020,-2.333,2.101,0.725
1689806494.020,-2.191,2.624,0.284
1689806494.020,-2.318,2.759,0.164
1689806494.081,-2.512,2.490,-0.247
1689806494.081,-2.303,2.333,-0.336
1689806494.081,-2.138,2.228,-0.336
1689806494.155,-1.936,2.034,-0.202
1689806494.155,-2.512,1.907,0.142
1689806494.155,-2.258,2.041,0.239
1689806494.185,-1.981,2.176,0.748
1689806494.185,-1.473,2.213,0.927
1689806494.185,-1.503,2.303,0.935
1689806494.246,-1.600,2.363,0.807
1689806494.246,-1.765,2.482,1.204
1689806494.246,-1.413,2.520,1.503
1689806494.320,-1.817,2.348,1.204
1689806494.320,-1.959,2.565,0.636
1689806494.320,-1.817,2.991,1.017
1689806494.368,-1.563,3.828,1.054
1689806494.368,-1.989,4.292,1.144
1689806494.368,-2.056,4.239,1.144
1689806494.410,-2.303,4.075,1.062
1689806494.410,-1.996,3.544,0.927
1689806494.410,-1.936,3.275,0.957
1689806494.470,-1.802,3.237,0.822
1689806494.470,-2.026,3.402,0.695
1689806494.470,-1.869,3.559,0.845
1689806494.530,-1.981,3.522,1.166
1689806494.530,-2.079,2.901,0.912
1689806494.530,-2.288,2.303,0.621
1689806494.593,-2.243,2.198,0.793
1689806494.593,-2.064,2.684,0.882
1689806494.593,-2.251,2.931,0.142
1689806494.650,-2.594,3.036,-0.284
1689806494.650,-2.535,2.826,-0.516
1689806494.650,-2.512,2.482,-0.464
1689806494.695,-2.393,2.265,-0.464
1689806494.695,-2.116,2.198,-0.067
1689806494.695,-1.877,2.153,0.277
1689806494.757,-2.049,2.183,1.009
1689806494.757,-1.645,2.632,1.226
1689806494.757,-1.802,3.095,1.436
1689806494.815,-2.056,3.267,1.488
1689806494.815,-2.363,3.596,1.652
1689806494.815,-2.011,3.619,1.787
1689806494.877,-2.049,3.499,1.383
1689806494.877,-2.348,3.484,0.785
1689806494.877,-2.535,3.619,0.449
1689806494.922,-2.079,4.127,0.404
1689806494.922,-1.892,4.404,0.695
1689806494.922,-1.929,4.441,0.942
1689806494.980,-2.123,4.180,1.002
1689806494.980,-1.922,3.746,0.935
1689806494.980,-1.622,3.514,1.181
1689806495.040,-1.346,3.282,1.264
1689806495.040,-1.622,3.252,1.159
1689806495.040,-1.637,3.380,0.979
1689806495.100,-1.503,2.946,0.852
1689806495.100,-1.608,2.856,0.785
1689806495.100,-1.832,2.505,0.396
1689806495.148,-2.146,2.280,0.232
1689806495.148,-2.041,2.572,0.561
1689806495.148,-2.161,2.864,0.299
1689806495.205,-2.221,2.774,-0.030
1689806495.205,-2.467,2.796,-0.374
1689806495.205,-2.146,2.841,-0.284
1689806495.265,-2.146,2.408,0.105
1689806495.265,-2.168,1.772,0.254
1689806495.265,-2.108,1.428,0.479
1689806495.325,-1.884,1.181,1.032
1689806495.325,-1.720,1.436,1.436
1689806495.325,-1.271,1.495,1.585
1689806495.370,-1.264,1.555,1.226
1689806495.370,-1.585,1.563,1.166
1689806495.370,-1.922,1.735,1.039
1689806495.433,-1.608,2.041,1.047
1689806495.433,-1.510,2.064,0.568
1689806495.433,-2.348,2.422,0.307
1689806495.490,-2.228,2.550,0.045
1689806495.490,-2.168,3.178,0.381
1689806495.490,-2.004,3.903,0.680
1689806495.550,-2.198,3.993,1.107
1689806495.550,-1.929,3.746,1.368
1689806495.550,-1.899,3.118,1.503
1689806495.595,-1.630,2.849,1.570
1689806495.595,-1.735,2.774,1.914
1689806495.595,-1.555,2.894,2.041
1689806495.657,-1.301,2.886,1.839
1689806495.657,-1.555,2.938,2.108
1689806495.657,-2.108,2.669,1.877
1689806495.718,-2.101,2.265,1.525
1689806495.718,-2.056,2.385,1.293
1689806495.718,-1.907,2.916,1.361
1689806495.765,-1.981,3.409,1.107
1689806495.765,-2.542,3.776,0.576
1689806495.765,-2.318,3.731,0.172
1689806495.835,-2.221,3.574,0.097
1689806495.835,-2.310,3.566,0.164
1689806495.835,-2.527,3.641,0.254
1689806495.880,-2.415,3.895,0.239
1689806495.880,-2.729,3.791,0.142
1689806495.880,-2.490,3.948,0.568
1689806495.956,-1.862,4.194,0.561
1689806495.956,-1.892,4.344,0.807
1689806495.956,-2.415,4.090,0.800
1689806496.000,-2.565,4.000,1.047
1689806496.000,-2.221,3.993,1.316
1689806496.000,-1.593,3.753,1.009
1689806496.048,-1.899,3.813,0.725
1689806496.048,-2.161,4.232,0.927
1689806496.048,-1.989,4.845,1.540
1689806496.105,-1.936,5.518,1.652
1689806496.105,-2.146,5.480,1.862
1689806496.105,-2.310,4.905,1.540
1689806496.165,-2.370,4.374,1.667
1689806496.165,-2.280,4.030,1.794
1689806496.165,-1.959,3.723,1.809
1689806496.230,-2.101,4.000,1.854
1689806496.230,-1.525,3.873,1.862
1689806496.230,-1.660,3.731,1.727
1689806496.274,-1.809,3.394,1.249
1689806496.274,-1.765,3.185,0.935
1689806496.274,-1.922,3.327,0.658
1689806496.330,-2.198,3.634,0.665
1689806496.330,-2.116,3.551,0.202
1689806496.330,-2.310,3.447,-0.404
1689806496.390,-2.168,3.394,-0.269
1689806496.390,-2.213,3.634,-0.127
1689806496.390,-1.966,3.604,0.075
1689806496.450,-1.892,3.387,0.269
1689806496.450,-1.959,3.178,0.643
1689806496.450,-1.735,3.133,1.017
1689806496.515,-1.750,3.320,1.383
1689806496.515,-1.637,3.252,1.443
1689806496.515,-1.966,3.372,1.615
1689806496.558,-2.019,3.260,1.660
1689806496.558,-1.667,3.372,1.779
1689806496.558,-1.540,3.342,1.877
1689806496.615,-1.832,3.260,1.376
1689806496.615,-2.295,3.320,1.219
1689806496.615,-2.094,3.970,1.241
1689806496.675,-2.026,4.180,1.503
1689806496.675,-2.138,4.075,1.555
1689806496.675,-2.677,3.559,1.578
1689806496.735,-2.938,2.871,1.353
1689806496.735,-2.138,2.490,0.882
1689806496.735,-1.899,2.430,0.957
1689806496.798,-1.600,2.273,0.950
1689806496.798,-1.413,2.295,1.391
1689806496.798,-1.690,2.206,1.914
1689806496.843,-2.265,1.772,1.563
1689806496.843,-2.101,1.570,1.189
1689806496.843,-2.280,2.026,1.361
1689806496.900,-2.699,2.602,0.950
1689806496.900,-2.976,3.327,0.628
1689806496.900,-3.342,3.409,0.164
1689806496.960,-3.163,3.312,-0.194
1689806496.960,-2.579,3.155,0.082
1689806496.960,-2.542,2.751,0.090
1689806497.020,-2.520,2.557,0.090
1689806497.020,-2.714,2.557,0.568
1689806497.020,-2.535,2.318,1.054
1689806497.071,-2.258,2.034,1.136
1689806497.071,-2.318,1.884,1.024
1689806497.071,-2.400,1.787,0.950
1689806497.125,-2.550,1.690,1.376
1689806497.125,-2.467,2.079,1.832
1689806497.125,-2.669,2.303,1.765
1689806497.185,-2.901,2.445,1.189
1689806497.185,-2.609,2.931,1.338
1689806497.185,-2.153,3.499,1.323
1689806497.245,-2.019,3.993,1.092
1689806497.245,-2.587,4.000,0.935
1689806497.245,-2.654,3.641,0.613
1689806497.305,-2.572,3.051,0.456
1689806497.305,-2.108,2.796,0.396
1689806497.305,-1.787,2.826,0.531
1689806497.355,-1.877,2.796,0.650
1689806497.355,-1.697,2.744,0.935
1689806497.355,-1.637,2.617,1.279
1689806497.410,-2.153,2.609,1.555
1689806497.410,-2.363,2.064,1.271
1689806497.410,-1.884,2.131,1.518
1689806497.471,-2.011,2.557,1.458
1689806497.471,-2.064,2.998,0.897
1689806497.471,-2.348,3.230,0.807
1689806497.530,-2.094,3.350,0.636
1689806497.530,-1.779,3.208,0.486
1689806497.530,-1.907,3.267,0.434
1689806497.593,-1.824,3.574,0.396
1689806497.593,-1.936,3.402,0.464
1689806497.593,-1.772,3.051,0.523
1689806497.640,-1.697,2.894,1.017
1689806497.640,-1.899,2.879,1.047
1689806497.640,-2.318,2.894,1.189
1689806497.698,-2.056,2.722,1.099
1689806497.698,-1.832,2.759,1.533
1689806497.698,-1.772,2.587,1.271
1689806497.755,-2.265,2.759,0.912
1689806497.755,-2.101,2.991,0.822
1689806497.755,-2.198,3.641,1.398
1689806497.815,-2.123,4.172,1.249
1689806497.815,-2.325,4.374,1.047
1689806497.815,-2.393,4.008,1.009
1689806497.864,-2.280,3.537,1.077
1689806497.864,-1.936,3.282,1.473
1689806497.864,-1.847,2.886,1.398
1689806497.922,-1.809,3.148,1.159
1689806497.922,-2.071,3.230,1.503
1689806497.922,-1.892,3.036,1.548
1689806497.980,-2.168,2.512,1.189
1689806497.980,-2.333,2.505,0.905
1689806497.980,-2.445,2.594,0.718
1689806498.040,-2.086,2.826,0.665
1689806498.040,-2.123,3.305,0.299
1689806498.040,-2.310,3.148,-0.164
1689806498.085,-2.707,3.043,-0.508
1689806498.085,-2.467,3.125,-0.486
1689806498.085,-1.981,3.170,-0.232
1689806498.148,-1.907,3.080,0.075
1689806498.148,-1.869,2.737,0.434
1689806498.148,-2.213,2.968,1.039
1689806498.210,-2.108,2.856,1.241
1689806498.210,-2.094,2.923,1.226
1689806498.210,-2.019,3.133,1.346
1689806498.265,-1.817,3.365,1.226
1689806498.265,-1.645,3.424,1.503
1689806498.265,-1.757,3.477,1.301
1689806498.310,-2.161,3.679,0.890
1689806498.310,-1.951,3.948,0.374
1689806498.310,-1.705,4.299,0.486
1689806498.370,-1.757,4.763,0.845
1689806498.370,-2.011,4.636,0.628
1689806498.370,-2.295,3.933,0.449
1689806498.433,-2.131,3.260,0.606
1689806498.433,-1.899,2.998,1.129
1689806498.433,-2.041,3.178,1.465
1689806498.480,-2.094,2.931,1.570
1689806498.480,-2.153,2.871,1.151
1689806498.480,-1.862,2.624,1.323
1689806498.550,-1.959,2.310,1.129
1689806498.550,-2.094,2.325,0.778
1689806498.550,-2.265,2.280,0.336
1689806498.595,-2.123,2.901,0.344
1689806498.595,-2.131,3.170,0.336
1689806498.595,-2.505,3.335,0.254
1689806498.655,-2.602,3.140,0.307
1689806498.655,-2.146,3.006,0.508
1689806498.655,-2.228,3.080,0.538
1689806498.717,-2.370,2.841,0.576
1689806498.717,-2.221,2.572,0.591
1689806498.717,-1.914,2.527,0.688
1689806498.765,-1.914,2.879,1.084
1689806498.765,-2.191,2.983,0.920
1689806498.765,-2.662,2.856,0.800
1689806498.820,-2.512,3.051,0.830
1689806498.820,-1.548,3.148,0.965
1689806498.820,-1.742,3.290,1.054
1689806498.880,-2.318,3.320,0.837
1689806498.880,-2.722,3.723,0.830
1689806498.880,-2.288,4.067,1.099
1689806498.942,-1.720,4.494,0.830
1689806498.942,-1.959,4.538,0.987
1689806498.942,-2.243,3.910,1.122
1689806499.000,-2.303,3.447,1.361
1689806499.000,-2.116,3.118,1.742
1689806499.000,-1.697,2.759,1.750
1689806499.047,-1.518,2.953,1.697
1689806499.047,-1.062,2.938,1.570
1689806499.047,-1.286,2.998,1.832
1689806499.105,-2.019,2.781,1.548
1689806499.105,-2.475,2.415,0.905
1689806499.105,-2.333,2.565,0.950
1689806499.169,-1.854,2.931,0.957
1689806499.169,-1.847,3.163,0.493
1689806499.169,-2.512,3.462,0.120
1689806499.230,-2.916,3.477,-0.322
1689806499.230,-2.400,3.290,-0.262
1689806499.230,-2.198,3.103,-0.060
1689806499.273,-1.824,3.006,-0.105
1689806499.273,-1.824,2.931,-0.067
1689806499.273,-1.817,2.983,0.307
1689806499.330,-1.809,3.036,0.636
1689806499.330,-1.720,3.237,0.927
1689806499.330,-2.303,3.252,1.122
1689806499.390,-2.467,3.365,1.226
1689806499.390,-2.064,3.424,1.495
1689806499.390,-1.809,3.402,1.682
1689806499.450,-1.974,3.342,1.241
1689806499.450,-2.168,3.619,1.323
1689806499.450,-2.041,4.082,1.787
1689806499.515,-1.862,4.441,2.385
1689806499.515,-1.907,4.419,2.475
1689806499.515,-2.318,4.157,2.318
1689806499.585,-2.370,3.694,1.615
1689806499.585,-2.026,3.320,1.129
1689806499.585,-1.817,3.051,0.815
1689806499.615,-1.630,3.088,0.471
1689806499.615,-1.480,3.342,0.426
1689806499.615,-1.421,3.305,0.845
1689806499.675,-1.824,3.118,0.950
1689806499.675,-2.198,2.550,0.897
1689806499.675,-2.101,2.579,0.987
1689806499.735,-1.922,3.327,1.077
1689806499.735,-1.600,3.551,0.613
1689806499.735,-1.936,3.880,0.262
1689806499.797,-2.079,4.030,0.150
1689806499.797,-1.989,3.813,0.396
1689806499.797,-1.765,3.350,0.800
1689806499.842,-1.675,3.088,1.151
1689806499.842,-1.652,2.804,1.346
1689806499.842,-1.735,2.370,2.094
1689806499.900,-1.436,2.094,2.602
1689806499.900,-1.503,2.228,2.632
1689806499.900,-2.019,2.019,2.370
1689806499.960,-1.877,2.071,2.138
1689806499.960,-1.458,2.714,2.101
1689806499.960,-1.450,3.193,1.495
1689806500.020,-1.996,3.282,0.867
1689806500.020,-2.325,3.783,0.733
1689806500.020,-2.445,4.262,0.673
1689806500.070,-2.146,4.673,0.837
1689806500.070,-2.729,4.643,0.770
1689806500.070,-2.991,4.067,0.486
1689806500.125,-3.080,3.380,0.606
1689806500.125,-2.991,2.677,0.523
1689806500.125,-2.654,2.228,0.740
1689806500.185,-2.781,2.422,1.151
1689806500.185,-2.408,2.303,1.009
1689806500.185,-2.430,2.034,1.204
1689806500.245,-2.624,1.839,1.174
1689806500.245,-2.953,1.533,0.688
1689806500.245,-3.065,1.540,0.411
1689806500.290,-2.722,1.622,-0.067
1689806500.290,-2.684,1.802,-0.479
1689806500.290,-2.864,1.697,-0.636
1689806500.355,-2.991,1.473,-0.920
1689806500.355,-2.707,1.465,-0.785
1689806500.355,-2.565,1.450,-0.449
1689806500.411,-2.557,1.503,-0.389
1689806500.411,-2.871,1.593,0.015
1689806500.411,-2.430,1.637,0.486
1689806500.470,-2.258,2.041,0.703
1689806500.470,-2.108,2.086,0.643
1689806500.470,-2.400,2.183,0.800
1689806500.515,-2.251,2.647,0.935
1689806500.515,-1.899,2.916,1.211
1689806500.515,-1.510,2.968,0.935
1689806500.575,-1.645,3.230,0.927
1689806500.575,-1.794,3.409,1.077
1689806500.575,-1.809,3.851,1.615
1689806500.640,-1.428,4.239,1.936
1689806500.640,-1.690,4.314,2.288
1689806500.640,-1.750,3.544,1.854
1689806500.695,-1.712,3.133,1.974
1689806500.695,-1.675,2.908,2.123
1689806500.695,-1.443,2.961,1.877
1689806500.770,-1.817,3.058,1.428
1689806500.770,-1.884,3.058,1.144
1689806500.770,-1.391,2.938,1.047
1689806500.800,-1.877,3.021,1.219
1689806500.800,-2.325,2.796,1.017
1689806500.800,-2.303,2.894,0.800
1689806500.864,-2.138,3.170,0.830
1689806500.864,-2.340,3.469,0.561
1689806500.864,-2.460,3.664,0.471
1689806500.923,-2.221,4.037,0.314
1689806500.923,-1.951,3.963,0.419
1689806500.923,-1.892,3.895,0.434
1689806500.980,-1.847,3.791,0.456
1689806500.980,-1.884,3.626,0.710
1689806500.980,-1.854,3.559,1.077
1689806501.030,-1.929,3.387,1.189
1689806501.030,-2.318,3.200,1.279
1689806501.030,-2.766,3.006,1.271
1689806501.085,-2.460,2.789,0.890
1689806501.085,-2.251,2.976,0.852
1689806501.085,-2.176,3.140,0.553
1689806501.148,-2.168,3.215,0.224
1689806501.148,-2.288,3.380,-0.366
1689806501.148,-2.475,4.052,-0.067
1689806501.195,-2.191,4.232,0.471
1689806501.195,-2.550,4.060,0.606
1689806501.195,-2.677,3.768,0.486
1689806501.265,-2.609,3.215,0.830
1689806501.265,-1.944,2.654,1.129
1689806501.265,-1.899,2.729,1.368
1689806501.310,-1.779,2.744,1.286
1689806501.310,-1.869,2.744,1.279
1689806501.310,-1.346,2.617,1.585
1689806501.370,-1.809,2.572,1.637
1689806501.370,-2.176,2.258,1.286
1689806501.370,-2.108,2.378,1.069
1689806501.448,-2.064,2.699,1.196
1689806501.448,-2.071,3.297,0.882
1689806501.448,-2.505,3.679,0.636
1689806501.480,-2.692,3.581,0.464
1689806501.480,-2.258,3.402,0.284
1689806501.480,-2.079,3.215,0.359
1689806501.538,-1.922,2.811,0.344
1689806501.538,-1.690,2.789,0.688
1689806501.538,-2.034,3.043,0.583
1689806501.595,-1.922,3.125,1.151
1689806501.595,-1.802,3.320,1.308
1689806501.595,-2.108,3.200,0.837
1689806501.655,-1.996,3.058,0.979
1689806501.655,-2.086,3.327,1.293
1689806501.655,-1.869,3.447,1.211
1689806501.718,-1.929,3.252,1.159
1689806501.718,-2.086,3.350,1.024
1689806501.718,-2.108,4.082,1.009
1689806501.765,-1.914,4.770,1.286
1689806501.765,-2.019,4.703,1.428
1689806501.765,-2.206,4.247,1.346
1689806501.820,-2.363,3.776,1.346
1689806501.820,-1.914,3.267,1.443
1689806501.820,-1.996,3.185,1.585
1689806501.880,-2.280,3.260,1.645
1689806501.880,-2.243,3.028,1.226
1689806501.880,-1.914,3.051,1.510
1689806501.940,-1.772,2.594,1.338
1689806501.940,-1.750,2.408,1.002
1689806501.940,-2.288,2.340,0.643
1689806501.988,-2.422,2.849,0.665
1689806501.988,-2.572,3.297,0.381
1689806501.988,-2.333,3.492,-0.142
1689806502.046,-2.684,3.708,-0.052
1689806502.046,-2.445,3.604,-0.030
1689806502.046,-2.415,3.260,-0.172
1689806502.105,-2.161,2.923,0.060
1689806502.105,-2.116,2.751,0.449
1689806502.105,-2.206,2.841,0.763
1689806502.166,-2.191,3.028,1.368
1689806502.166,-2.041,2.946,1.279
1689806502.166,-1.922,3.103,1.518
1689806502.225,-2.049,3.335,1.301
1689806502.225,-2.153,3.237,1.421
1689806502.225,-1.690,3.380,1.353
1689806502.301,-1.166,3.335,1.413
1689806502.301,-1.750,3.394,1.151
1689806502.301,-2.363,3.342,0.613
1689806502.335,-2.183,3.574,0.523
1689806502.335,-1.555,4.269,0.643
1689806502.335,-1.346,4.486,0.867
1689806502.390,-1.794,4.494,1.122
1689806502.390,-2.303,3.798,1.047
1689806502.390,-1.966,3.297,0.867
1689806502.450,-1.824,3.088,1.136
1689806502.450,-1.518,3.320,1.234
1689806502.450,-1.308,3.297,1.503
1689806502.515,-1.174,2.864,2.011
1689806502.515,-1.660,2.475,1.884
1689806502.515,-2.041,2.049,1.555
1689806502.558,-1.824,1.959,1.593
1689806502.558,-1.667,2.355,1.630
1689806502.558,-1.862,2.879,1.151
1689806502.615,-2.370,3.223,0.621
1689806502.615,-2.639,3.297,0.030
1689806502.615,-2.370,3.447,-0.135
1689806502.675,-1.809,3.432,-0.172
1689806502.675,-1.809,3.402,-0.232
1689806502.675,-1.996,3.641,-0.127
1689806502.735,-2.176,3.417,-0.030
1689806502.735,-1.936,3.095,0.247
1689806502.735,-2.034,3.178,0.636
1689806502.811,-1.772,3.178,0.755
1689806502.811,-1.936,3.223,0.927
1689806502.811,-2.161,3.417,1.024
1689806502.841,-1.525,3.342,1.181
1689806502.841,-1.480,3.604,1.264
1689806502.841,-2.086,3.813,0.748
1689806502.915,-2.041,3.746,0.740
1689806502.915,-1.989,4.277,1.211
1689806502.915,-1.667,4.434,1.667
1689806502.960,-2.108,4.202,1.877
1689806502.960,-2.497,3.783,1.750
1689806502.960,-2.138,3.252,1.465
1689806503.005,-1.570,2.946,1.510
1689806503.005,-1.368,2.781,1.735
1689806503.005,-1.675,2.834,2.004
1689806503.070,-1.376,2.662,1.966
1689806503.070,-1.376,2.445,1.824
1689806503.070,-2.049,2.497,1.824
1689806503.125,-2.153,2.310,1.578
1689806503.125,-2.011,2.355,1.286
1689806503.125,-1.907,2.834,1.286
1689806503.185,-2.348,3.073,0.800
1689806503.185,-2.408,3.051,0.269
1689806503.185,-2.094,2.722,0.052
1689806503.230,-2.265,2.826,0.262
1689806503.230,-2.408,2.923,0.404
1689806503.230,-2.505,2.789,0.336
1689806503.290,-2.677,2.482,0.591
1689806503.290,-2.273,2.153,1.151
1689806503.290,-1.922,2.153,1.421
1689806503.369,-2.198,2.213,1.675
1689806503.369,-2.363,2.153,1.637
1689806503.369,-2.004,2.557,1.742
1689806503.410,-1.675,2.879,1.645
1689806503.410,-1.697,2.811,1.585
1689806503.410,-2.183,2.871,1.436
1689806503.470,-2.243,2.826,1.151
1689806503.470,-2.288,3.574,1.413
1689806503.470,-2.699,3.843,1.914
1689806503.515,-2.647,3.611,1.458
1689806503.515,-2.811,3.320,1.151
1689806503.515,-2.647,2.886,0.621
1689806503.575,-2.527,2.722,0.479
1689806503.575,-2.258,2.437,0.404
1689806503.575,-2.243,2.430,0.434
1689806503.639,-2.041,2.280,0.404
1689806503.639,-2.183,2.310,0.688
1689806503.639,-2.557,2.183,0.471
1689806503.684,-2.707,1.585,0.381
1689806503.684,-2.602,1.503,0.411
1689806503.684,-2.445,1.697,0.508
1689806503.740,-2.557,2.422,0.247
1689806503.740,-2.961,2.482,-0.090
1689806503.740,-2.355,2.467,-0.097
1689806503.800,-2.191,2.340,-0.060
1689806503.800,-2.146,2.692,0.127
1689806503.800,-2.258,2.579,0.239
1689806503.860,-2.026,2.879,0.643
1689806503.860,-2.064,2.804,0.576
1689806503.860,-2.183,2.894,0.733
1689806503.925,-1.996,3.095,0.665
1689806503.925,-2.340,3.492,0.733
1689806503.925,-2.153,3.477,0.434
1689806503.967,-2.303,3.462,0.665
1689806503.967,-1.936,3.245,0.979
1689806503.967,-2.258,3.148,0.800
1689806504.025,-2.228,3.140,0.785
1689806504.025,-2.273,3.940,1.114
1689806504.025,-1.959,4.292,1.159
1689806504.085,-1.742,4.419,1.338
1689806504.085,-1.996,4.127,1.219
1689806504.085,-2.176,3.738,1.189
1689806504.148,-1.936,3.365,1.122
1689806504.148,-1.630,3.372,1.144
1689806504.148,-1.765,3.499,1.129
1689806504.195,-1.779,3.851,1.174
1689806504.195,-1.563,3.731,1.436
1689806504.195,-1.809,3.596,1.465
1689806504.250,-2.333,3.522,1.249
1689806504.250,-2.669,3.372,1.211
1689806504.250,-2.408,3.970,0.935
1689806504.311,-2.108,4.247,0.553
1689806504.311,-2.400,4.239,0.150
1689806504.311,-2.505,4.239,0.194
1689806504.385,-2.609,4.037,0.232
1689806504.385,-2.370,3.664,0.135
1689806504.385,-2.064,3.439,-0.015
1689806504.433,-2.079,3.163,0.224
1689806504.433,-1.727,2.961,0.493
1689806504.433,-1.974,2.617,0.508
1689806504.480,-2.108,2.624,0.561
1689806504.480,-2.191,2.722,0.710
1689806504.480,-2.131,2.737,0.897
1689806504.535,-2.213,2.931,1.114
1689806504.535,-2.079,3.065,0.950
1689806504.535,-2.183,2.781,0.807
1689806504.595,-2.348,2.751,0.710
1689806504.595,-2.213,3.103,0.082
1689806504.595,-1.839,3.492,0.127
1689806504.655,-1.854,3.978,0.456
1689806504.655,-2.138,3.701,0.568
1689806504.655,-2.490,3.282,0.665
1689806504.717,-2.206,2.737,0.718
1689806504.717,-1.480,2.310,1.069
1689806504.717,-1.234,2.273,1.331
1689806504.779,-0.979,2.273,1.436
1689806504.779,-1.279,2.542,1.824
1689806504.779,-1.166,2.348,2.228
1689806504.820,-1.697,1.951,2.393
1689806504.820,-1.907,1.779,1.877
1689806504.820,-1.884,1.682,1.383
1689806504.880,-1.802,2.333,1.226
1689806504.880,-2.056,2.886,0.688
1689806504.880,-2.363,3.021,0.314
1689806504.940,-2.408,3.305,-0.179
1689806504.940,-1.847,3.454,-0.351
1689806504.940,-1.600,3.522,-0.292
1689806505.003,-1.690,3.544,0.075
1689806505.003,-2.206,4.008,0.531
1689806505.003,-2.138,3.955,1.024
1689806505.047,-2.056,4.000,1.465
1689806505.047,-1.892,3.716,1.750
1689806505.047,-2.213,3.559,1.899
1689806505.105,-2.467,3.462,1.757
1689806505.105,-2.699,3.783,1.570
1689806505.105,-2.265,3.679,1.548
1689806505.165,-1.951,3.679,1.361
1689806505.165,-2.079,3.282,0.508
1689806505.165,-2.265,3.439,0.157
1689806505.210,-1.817,3.776,0.426
1689806505.210,-1.480,4.142,0.665
1689806505.210,-2.161,4.254,1.114
1689806505.273,-2.318,3.544,0.845
1689806505.273,-2.557,2.819,0.994
1689806505.273,-2.280,2.430,1.189
1689806505.330,-1.652,2.176,1.151
1689806505.330,-1.727,2.355,1.166
1689806505.330,-1.802,2.609,1.436
1689806505.390,-1.787,2.535,1.615
1689806505.390,-1.787,2.348,1.690
1689806505.390,-1.884,2.041,1.338
1689806505.451,-1.570,2.325,1.054
1689806505.451,-1.480,2.617,0.935
1689806505.451,-1.899,2.953,0.807
1689806505.495,-2.094,3.402,0.329
1689806505.495,-2.333,3.529,0.105
1689806505.495,-2.348,3.305,-0.045
1689806505.558,-2.034,2.871,-0.052
1689806505.558,-2.123,2.811,0.015
1689806505.558,-2.228,2.879,0.292
1689806505.615,-2.026,2.908,0.269
1689806505.615,-1.615,2.759,0.516
1689806505.615,-1.383,3.260,0.965
1689806505.675,-1.705,3.626,0.994
1689806505.675,-1.929,3.417,1.204
1689806505.675,-2.011,3.716,1.630
1689806505.720,-1.510,3.664,1.705
1689806505.720,-1.690,3.671,1.503
1689806505.720,-2.153,3.948,1.017
1689806505.799,-2.056,4.419,1.084
1689806505.799,-1.899,4.852,1.406
1689806505.799,-1.854,5.084,1.637
1689806505.842,-2.131,5.069,1.600
1689806505.842,-2.557,4.568,1.480
1689806505.842,-1.809,3.910,1.032
1689806505.890,-1.563,3.619,0.890
1689806505.890,-1.286,3.596,0.800
1689806505.890,-1.421,3.559,0.935
1689806505.961,-1.421,3.365,1.264
1689806505.961,-1.488,2.789,0.927
1689806505.961,-1.667,2.333,0.755
1689806506.005,-2.056,2.213,0.531
1689806506.005,-1.824,2.572,0.591
1689806506.005,-1.824,2.998,0.538
1689806506.083,-2.408,3.245,0.187
1689806506.083,-2.789,3.335,0.172
1689806506.083,-2.677,3.088,0.097
1689806506.125,-2.183,3.252,0.105
1689806506.125,-2.056,3.492,0.262
1689806506.125,-1.862,3.365,0.464
1689806506.172,-1.951,3.215,0.733
1689806506.172,-1.765,3.103,0.950
1689806506.172,-1.585,3.223,0.927
1689806506.230,-1.675,3.327,0.830
1689806506.230,-2.138,3.387,0.725
1689806506.230,-1.772,3.432,0.957
1689806506.290,-1.383,3.664,1.047
1689806506.290,-1.436,3.671,0.867
1689806506.290,-1.892,3.866,1.166
1689806506.369,-1.421,4.052,1.398
1689806506.369,-1.436,4.389,2.146
1689806506.369,-1.488,4.441,2.819
1689806506.410,-2.108,4.307,3.350
1689806506.410,-2.385,3.761,3.193
1689806506.410,-2.064,3.260,2.811
1689806506.455,-1.675,2.811,2.056
1689806506.455,-1.234,2.437,1.391
1689806506.455,-1.226,2.295,1.308
1689806506.515,-1.114,1.974,1.241
1689806506.515,-1.765,1.922,1.249
1689806506.515,-2.026,1.615,1.054
1689806506.575,-2.213,1.645,1.189
1689806506.575,-2.310,2.041,1.144
1689806506.575,-2.527,2.512,1.241
1689806506.639,-3.125,2.774,0.650
1689806506.639,-3.477,2.826,0.329
1689806506.639,-2.961,2.849,0.007
1689806506.683,-2.886,2.834,0.060
1689806506.683,-2.841,2.946,0.082
1689806506.683,-2.759,2.946,-0.045
1689806506.740,-2.512,2.722,0.419
1689806506.740,-2.535,2.707,0.852
1689806506.740,-2.565,2.527,1.024
1689806506.800,-2.976,2.497,1.039
1689806506.800,-2.991,2.609,0.957
1689806506.800,-2.624,2.916,0.987
1689806506.860,-2.535,2.953,1.084
1689806506.860,-3.088,3.088,1.032
1689806506.860,-3.193,3.118,0.733
1689806506.921,-3.275,3.671,0.748
1689806506.921,-2.923,3.925,0.703
1689806506.921,-3.110,3.948,0.628
1689806506.966,-3.155,3.537,0.396
1689806506.966,-3.230,2.729,0.037
1689806506.966,-2.609,2.370,0.022
1689806507.027,-2.198,2.198,0.007
1689806507.027,-2.019,2.086,-0.105
1689806507.027,-1.914,2.243,0.404
1689806507.085,-2.004,1.899,0.882
1689806507.085,-2.086,2.041,1.002
1689806507.085,-2.355,1.667,0.897
1689806507.146,-2.161,1.727,1.077
1689806507.146,-1.981,2.348,1.159
1689806507.146,-2.221,2.976,1.107
1689806507.205,-2.041,3.320,0.725
1689806507.205,-2.168,3.357,0.516
1689806507.205,-2.071,3.664,0.486
1689806507.250,-1.824,3.574,0.314
1689806507.250,-2.004,3.492,0.224
1689806507.250,-1.750,3.080,0.277
1689806507.325,-1.570,2.856,0.875
1689806507.325,-1.817,3.193,1.548
1689806507.325,-2.101,3.267,1.585
1689806507.370,-2.393,3.312,1.368
1689806507.370,-2.101,3.327,1.421
1689806507.370,-1.922,3.462,1.578
1689806507.433,-1.877,3.028,0.905
1689806507.433,-1.794,3.208,0.718
1689806507.433,-2.004,3.813,1.107
1689806507.480,-1.735,4.150,1.480
1689806507.480,-1.600,4.479,1.697
1689806507.480,-1.974,4.307,1.936
1689806507.538,-1.884,3.880,1.779
1689806507.538,-1.675,3.432,1.899
1689806507.538,-1.892,3.043,1.779
1689806507.595,-2.049,2.722,1.563
1689806507.595,-1.832,2.796,1.264
1689806507.595,-1.578,2.856,1.174
1689806507.655,-1.765,2.737,1.204
1689806507.655,-2.198,2.161,0.822
1689806507.655,-2.415,1.996,0.785
1689806507.717,-2.146,2.243,0.209
1689806507.717,-1.899,2.908,0.172
1689806507.717,-1.705,3.514,-0.075
1689806507.764,-1.712,3.514,-0.217
1689806507.764,-1.914,3.372,-0.209
1689806507.764,-2.280,3.170,-0.030
1689806507.820,-2.452,2.961,0.150
1689806507.820,-2.430,2.400,0.441
1689806507.820,-2.520,2.108,1.032
1689806507.880,-2.497,2.221,1.077
1689806507.880,-2.131,2.206,1.024
1689806507.880,-2.408,2.228,1.122
1689806507.925,-2.415,2.707,1.024
1689806507.925,-1.705,2.699,0.920
1689806507.925,-1.548,2.923,0.613
1689806507.988,-2.116,3.252,0.194
1689806507.988,-2.108,3.409,-0.120
1689806507.988,-1.772,4.037,0.164
1689806508.090,-1.697,4.553,0.703
1689806508.090,-1.936,4.284,0.897
1689806508.090,-2.138,3.679,0.912
1689806508.095,-1.951,3.133,1.286
1689806508.095,-2.228,2.774,2.026
1689806508.095,-1.832,2.647,1.936
1689806508.165,-1.779,2.609,1.682
1689806508.165,-1.802,2.602,1.376
1689806508.165,-1.742,2.497,1.204
1689806508.210,-1.802,2.168,0.568
1689806508.210,-2.041,1.854,0.127
1689806508.210,-1.944,2.011,0.142
1689806508.273,-2.303,2.737,0.381
1689806508.273,-2.639,3.140,0.374
1689806508.273,-2.542,3.267,0.045
1689806508.330,-2.617,3.058,0.097
1689806508.330,-2.505,3.320,0.591
1689806508.330,-2.206,3.372,0.396
1689806508.390,-2.213,3.185,0.142
1689806508.390,-2.467,3.417,0.523
1689806508.390,-1.996,3.566,0.426
1689806508.435,-1.869,3.432,1.114
1689806508.435,-2.228,3.223,0.994
1689806508.435,-2.460,3.021,0.778
1689806508.510,-2.542,3.365,1.114
1689806508.510,-1.989,3.522,1.331
1689806508.510,-2.071,3.335,0.987
1689806508.558,-2.273,3.469,0.419
1689806508.558,-1.884,4.030,0.277
1689806508.558,-1.712,4.337,0.740
1689806508.605,-1.884,4.411,1.136
1689806508.605,-2.490,4.075,1.144
1689806508.605,-2.729,3.215,0.890
1689806508.662,-2.303,2.654,1.107
1689806508.662,-1.675,2.288,1.436
1689806508.662,-2.243,2.318,1.712
1689806508.720,-2.251,2.400,1.555
1689806508.720,-1.518,2.206,1.563
1689806508.720,-2.004,1.742,1.488
1689806508.780,-2.228,1.735,1.129
1689806508.780,-2.123,1.809,0.748
1689806508.780,-2.049,2.101,1.002
1689806508.840,-2.161,2.774,0.748
1689806508.840,-2.146,3.305,0.920
1689806508.840,-1.974,3.297,0.658
1689806508.889,-2.079,3.073,0.493
1689806508.889,-2.183,2.983,0.695
1689806508.889,-1.854,3.208,0.748
1689806508.945,-2.011,3.073,0.621
1689806508.945,-2.101,3.402,0.920
1689806508.945,-1.824,3.387,0.972
1689806509.005,-1.839,3.447,1.047
1689806509.005,-1.929,3.880,1.002
1689806509.005,-2.460,3.753,0.778
1689806509.070,-2.026,3.880,0.673
1689806509.070,-1.436,3.768,1.009
1689806509.070,-1.787,3.664,0.912
1689806509.113,-2.295,3.664,0.456
1689806509.113,-2.138,3.925,0.284
1689806509.113,-2.198,4.531,0.613
1689806509.171,-2.228,4.486,0.957
1689806509.171,-2.587,4.165,0.740
1689806509.171,-2.714,3.798,0.994
1689806509.230,-2.355,3.312,0.965
1689806509.230,-1.794,3.125,0.613
1689806509.230,-1.622,3.036,0.658
1689806509.290,-1.727,3.350,0.606
1689806509.290,-1.361,3.043,1.151
1689806509.290,-1.667,2.961,1.286
1689806509.355,-2.079,2.594,1.196
1689806509.355,-2.333,2.669,1.189
1689806509.355,-1.936,3.073,1.204
1689806509.413,-1.966,3.634,1.047
1689806509.413,-2.295,3.903,0.561
1689806509.413,-2.819,3.851,-0.217
1689806509.455,-2.176,3.499,-0.404
1689806509.455,-1.735,3.454,-0.366
1689806509.455,-1.578,3.394,-0.060
1689806509.515,-1.802,3.267,0.179
1689806509.515,-1.981,3.058,0.269
1689806509.515,-1.750,2.856,0.935
1689806509.575,-1.503,2.796,1.279
1689806509.575,-2.041,2.961,1.600
1689806509.575,-1.877,2.632,1.458
1689806509.639,-1.951,2.714,1.705
1689806509.639,-1.652,2.894,1.667
1689806509.639,-1.929,3.021,1.436
1689806509.683,-2.086,3.454,1.069
1689806509.683,-1.989,3.978,1.136
1689806509.683,-1.667,4.434,1.249
1689806509.741,-1.839,4.486,1.323
1689806509.741,-2.303,4.381,1.338
1689806509.741,-2.624,3.955,1.473
1689806509.800,-2.258,3.694,1.936
1689806509.800,-1.772,3.544,1.974
1689806509.800,-1.869,3.671,1.817
1689806509.860,-1.862,3.529,1.824
1689806509.860,-1.690,3.432,2.236
1689806509.860,-1.727,3.110,1.869
1689806509.920,-2.161,2.707,1.503
1689806509.920,-2.265,2.722,1.271
1689806509.920,-2.632,3.342,1.107
1689806509.980,-2.886,3.499,0.688
1689806509.980,-3.193,3.380,0.157
1689806509.980,-3.215,3.357,-0.150
1689806510.025,-3.021,3.252,-0.097
1689806510.025,-2.796,3.260,-0.060
1689806510.025,-2.938,2.953,0.022
1689806510.085,-3.051,2.602,0.501
1689806510.085,-2.662,2.639,0.890
1689806510.085,-2.176,2.490,1.293
1689806510.145,-2.206,2.251,1.136
1689806510.145,-2.557,1.936,0.748
1689806510.145,-2.460,1.951,0.897
1689806510.195,-2.011,1.869,1.039
1689806510.195,-2.206,2.004,1.473
1689806510.195,-2.811,2.176,1.241
1689806510.250,-3.140,2.669,1.241
1689806510.250,-2.774,3.432,0.950
1689806510.250,-2.871,3.843,1.017
1689806510.310,-2.520,3.626,0.785
1689806510.310,-2.550,3.163,0.359
1689806510.310,-2.378,2.467,0.262
1689806510.370,-2.064,2.049,0.150
1689806510.370,-1.899,1.824,0.135
1689806510.370,-1.966,1.712,0.366
1689806510.415,-1.495,1.772,0.546
1689806510.415,-1.727,1.391,1.077
1689806510.415,-1.981,1.174,1.084
1689806510.480,-2.422,1.264,1.249
1689806510.480,-2.445,1.622,1.518
1689806510.480,-2.280,1.907,1.069
1689806510.535,-2.400,2.535,0.748
1689806510.535,-2.766,2.714,0.449
1689806510.535,-2.707,2.512,0.247
1689806510.595,-2.452,2.520,0.142
1689806510.595,-2.019,2.849,0.344
1689806510.595,-2.049,3.110,0.299
1689806510.640,-1.892,2.983,0.232
1689806510.640,-1.675,3.170,0.449
1689806510.640,-1.951,3.312,0.830
1689806510.700,-2.251,3.574,0.957
1689806510.700,-2.026,3.178,1.032
1689806510.700,-2.056,3.462,1.391
1689806510.764,-1.817,3.641,1.450
1689806510.764,-2.138,3.634,1.211
1689806510.764,-2.415,3.731,1.017
1689806510.820,-2.378,4.449,1.189
1689806510.820,-2.452,5.017,1.346
1689806510.820,-2.011,5.017,1.129
1689806510.880,-2.355,4.583,0.860
1689806510.880,-1.989,3.731,0.800
1689806510.880,-1.578,3.208,0.979
1689806510.925,-1.398,2.901,1.189
1689806510.925,-1.922,2.916,1.495
1689806510.925,-2.079,3.267,1.578
1689806510.988,-1.794,3.245,1.652
1689806510.988,-1.981,2.632,1.473
1689806510.988,-2.161,2.363,1.009
1689806511.050,-2.497,2.512,0.852
1689806511.050,-2.310,2.737,0.800
1689806511.050,-1.989,3.013,0.516
1689806511.105,-2.318,3.163,0.075
1689806511.105,-2.236,3.013,-0.097
1689806511.105,-2.325,2.953,0.015
1689806511.150,-2.325,2.849,0.336
1689806511.150,-2.393,2.632,0.703
1689806511.150,-2.236,2.632,0.905
1689806511.210,-1.817,2.654,0.979
1689806511.210,-1.578,2.535,1.226
1689806511.210,-1.772,2.542,1.293
1689806511.273,-2.131,2.677,1.151
1689806511.273,-2.079,2.938,1.114
1689806511.273,-1.854,3.193,1.174
1689806511.320,-1.697,3.028,1.136
1689806511.320,-1.742,3.036,0.882
1689806511.320,-2.019,3.215,0.815
1689806511.375,-2.176,3.783,1.151
1689806511.375,-2.318,4.538,1.750
1689806511.375,-2.161,4.464,1.652
1689806511.435,-2.049,3.873,1.346
1689806511.435,-2.041,3.409,1.488
1689806511.435,-1.750,3.178,1.406
1689806511.495,-1.697,2.841,1.256
1689806511.495,-2.019,2.953,1.129
1689806511.495,-1.989,2.766,1.181
1689806511.558,-1.518,2.774,1.286
1689806511.558,-1.944,2.594,1.316
1689806511.558,-2.265,2.213,0.740
1689806511.605,-2.333,2.378,0.942
1689806511.605,-2.318,2.602,0.920
1689806511.605,-2.183,3.230,0.568
1689806511.660,-2.400,3.372,0.501
1689806511.660,-2.251,3.252,0.217
1689806511.660,-2.288,3.365,0.150
1689806511.720,-2.236,3.237,0.269
1689806511.720,-2.213,2.961,0.247
1689806511.720,-2.108,3.215,0.426
1689806511.780,-1.735,3.230,0.793
1689806511.780,-1.675,2.856,1.054
1689806511.780,-2.168,3.088,1.361
1689806511.840,-2.482,3.432,1.107
1689806511.840,-2.198,3.125,1.166
1689806511.840,-1.966,3.267,1.495
1689806511.889,-1.660,3.342,1.436
1689806511.889,-1.936,3.260,1.264
1689806511.889,-2.071,3.245,0.688
1689806511.945,-2.049,3.574,0.464
1689806511.945,-1.750,3.746,0.845
1689806511.945,-1.697,3.858,0.815
1689806512.005,-2.056,3.537,1.054
1689806512.005,-2.295,3.170,0.882
1689806512.005,-2.221,2.722,1.077
1689806512.065,-1.869,2.662,1.099
1689806512.065,-1.907,2.781,1.189
1689806512.065,-2.079,2.856,1.323
1689806512.113,-1.817,2.729,1.264
1689806512.113,-1.951,2.393,1.174
1689806512.113,-2.176,2.505,1.002
1689806512.170,-2.303,2.602,0.897
1689806512.170,-2.385,2.953,0.680
1689806512.170,-2.183,3.447,0.523
1689806512.230,-2.385,3.402,0.247
1689806512.230,-2.692,3.439,0.344
1689806512.230,-2.280,3.432,0.194
1689806512.290,-2.011,3.103,0.322
1689806512.290,-2.049,2.953,0.628
1689806512.290,-2.512,3.148,0.920
1689806512.355,-2.445,2.983,0.979
1689806512.355,-2.101,3.185,1.062
1689806512.355,-1.615,3.125,0.972
1689806512.398,-1.854,3.424,1.054
1689806512.398,-2.355,3.387,0.942
1689806512.398,-2.512,3.514,0.950
1689806512.455,-1.847,3.327,0.957
1689806512.455,-1.742,3.507,0.830
1689806512.455,-1.839,3.694,0.650
1689806512.515,-2.206,4.172,0.665
1689806512.515,-2.153,4.516,0.897
1689806512.515,-1.779,4.725,0.965
1689806512.575,-1.974,4.770,1.279
1689806512.575,-2.333,4.411,1.241
1689806512.575,-2.034,3.761,1.473
1689806512.639,-1.779,3.477,1.271
1689806512.639,-1.525,3.193,1.241
1689806512.639,-1.862,3.297,1.622
1689806512.696,-1.503,3.140,1.421
1689806512.696,-1.368,3.021,1.548
1689806512.696,-1.929,2.796,1.421
1689806512.745,-2.034,2.609,1.084
1689806512.745,-2.011,2.894,0.890
1689806512.745,-2.079,3.178,0.426
1689806512.800,-2.280,3.417,0.209
1689806512.800,-2.422,3.626,-0.037
1689806512.800,-2.348,3.522,-0.591
1689806512.860,-2.221,3.836,-0.314
1689806512.860,-1.809,3.656,-0.292
1689806512.860,-2.168,3.611,-0.292
1689806512.921,-2.101,3.267,-0.232
1689806512.921,-1.757,3.021,0.067
1689806512.921,-1.794,3.163,0.613
1689806512.965,-1.794,3.252,0.770
1689806512.965,-2.086,3.065,0.890
1689806512.965,-1.750,3.133,1.159
1689806513.025,-1.480,3.335,1.264
1689806513.025,-1.735,3.559,1.391
1689806513.025,-1.862,3.619,1.077
1689806513.085,-2.273,4.142,1.323
1689806513.085,-2.019,4.636,1.368
1689806513.085,-1.944,4.852,1.331
1689806513.130,-2.146,4.867,1.436
1689806513.130,-2.176,4.576,1.196
1689806513.130,-2.116,4.157,0.875
1689806513.195,-1.533,3.656,0.658
1689806513.195,-1.563,3.492,1.039
1689806513.195,-1.765,3.365,1.032
1689806513.250,-1.443,3.454,1.667
1689806513.250,-1.712,3.237,1.959
1689806513.250,-1.936,2.520,1.951
1689806513.310,-2.056,2.385,2.034
1689806513.310,-1.966,2.497,2.131
1689806513.310,-2.168,2.961,1.854
1689806513.355,-2.699,3.148,1.249
1689806513.355,-2.639,3.260,0.673
1689806513.355,-2.318,3.028,0.449
1689806513.415,-1.922,3.402,0.591
1689806513.415,-1.735,3.178,0.516
1689806513.415,-2.034,3.013,0.411
1689806513.480,-2.265,2.834,0.755
1689806513.480,-2.318,2.669,0.927
1689806513.480,-2.422,2.639,1.413
1689806513.535,-2.811,2.834,1.368
1689806513.535,-2.744,2.879,1.114
1689806513.535,-2.497,2.774,1.032
1689806513.595,-2.348,2.901,1.480
1689806513.595,-2.669,2.737,1.166
1689806513.595,-2.849,2.737,0.972
1689806513.640,-2.849,3.088,0.890
1689806513.640,-2.654,3.679,1.286
1689806513.640,-2.400,3.656,1.525
1689806513.700,-2.609,3.365,1.204
1689806513.700,-2.789,2.766,0.979
1689806513.700,-2.699,2.131,0.755
1689806513.764,-2.572,1.839,0.882
1689806513.764,-2.669,1.832,1.054
1689806513.764,-2.669,1.824,0.778
1689806513.820,-2.542,1.750,0.987
1689806513.820,-2.460,1.488,0.920
1689806513.820,-2.280,1.308,0.523
1689806513.880,-2.452,1.413,0.434
1689806513.880,-2.460,1.779,0.224
1689806513.880,-2.512,1.929,-0.232
1689806513.925,-2.849,2.265,-0.374
1689806513.925,-2.908,2.325,-0.516
1689806513.925,-2.677,2.303,-0.322
1689806513.985,-2.243,2.430,-0.209
1689806513.985,-2.123,2.303,-0.007
1689806513.985,-2.026,2.221,0.239
1689806514.045,-2.153,2.228,0.411
1689806514.045,-1.802,2.213,0.785
1689806514.045,-1.802,2.303,0.942
1689806514.105,-2.138,2.333,1.002
1689806514.105,-2.049,2.505,0.822
1689806514.105,-1.914,3.103,1.002
1689806514.150,-1.458,2.849,1.376
1689806514.150,-1.697,2.946,1.077
1689806514.150,-2.415,3.193,0.957
1689806514.210,-2.116,3.566,0.965
1689806514.210,-1.959,4.344,1.353
1689806514.210,-1.929,4.501,1.256
1689806514.273,-2.363,4.337,1.436
1689806514.273,-2.236,3.836,1.436
1689806514.273,-2.116,3.260,1.308
1689806514.320,-1.779,3.080,1.308
1689806514.320,-1.428,2.998,1.346
1689806514.320,-1.503,3.125,1.226
1689806514.375,-1.518,3.245,1.630
1689806514.375,-1.839,2.946,1.630
1689806514.375,-2.153,2.804,1.256
1689806514.435,-2.437,2.744,1.009
1689806514.435,-1.854,3.021,0.837
1689806514.435,-1.936,3.350,0.598
1689806514.495,-2.243,3.701,0.523
1689806514.495,-2.527,3.731,0.269
1689806514.495,-2.318,3.791,0.239
1689806514.557,-2.094,3.664,0.202
1689806514.557,-1.847,3.619,0.135
1689806514.557,-1.944,3.387,0.449
1689806514.604,-2.265,3.148,0.643
1689806514.604,-2.378,3.297,0.897
1689806514.604,-1.959,3.290,0.860
1689806514.660,-2.198,3.432,1.084
1689806514.660,-2.146,3.237,1.376
1689806514.660,-2.079,3.140,1.421
1689806514.720,-1.824,3.051,0.882
1689806514.720,-2.460,3.215,0.822
1689806514.720,-2.288,3.230,0.785
1689806514.780,-1.832,3.978,0.905
1689806514.780,-1.645,3.880,0.815
1689806514.780,-2.071,3.880,1.047
1689806514.840,-2.123,3.394,0.755
1689806514.840,-2.019,2.976,1.017
1689806514.840,-1.525,2.744,1.540
1689806514.888,-1.406,2.624,1.727
1689806514.888,-1.869,2.654,1.727
1689806514.888,-1.869,2.781,1.735
1689806514.948,-1.518,2.841,1.630
1689806514.948,-1.989,2.587,1.465
1689806514.948,-2.146,2.049,1.077
1689806515.005,-2.318,2.176,0.897
1689806515.005,-2.116,2.437,0.508
1689806515.005,-2.303,2.894,0.239
1689806515.065,-2.161,3.163,0.172
1689806515.065,-2.183,3.342,0.239
1689806515.065,-2.026,3.021,0.456
1689806515.113,-2.236,3.051,0.837
1689806515.113,-2.228,3.043,0.658
1689806515.113,-2.049,2.811,0.621
1689806515.170,-1.787,2.849,0.770
1689806515.170,-1.839,3.043,1.062
1689806515.170,-1.951,2.901,1.234
1689806515.230,-2.146,2.632,1.107
1689806515.230,-2.101,3.133,1.136
1689806515.230,-1.847,3.125,1.211
1689806515.290,-1.727,3.200,1.234
1689806515.290,-2.542,3.297,0.890
1689806515.290,-2.774,3.394,0.703
1689806515.335,-2.168,3.836,0.740
1689806515.335,-1.996,4.337,0.979
1689806515.335,-2.064,4.015,0.965
1689806515.398,-2.550,3.469,1.099
1689806515.398,-2.213,2.766,0.860
1689806515.398,-2.176,2.490,1.488
1689806515.455,-1.847,2.565,1.331
1689806515.455,-1.772,2.856,1.249
1689806515.455,-1.735,2.841,1.114
1689806515.515,-1.465,2.565,1.279
1689806515.515,-1.974,2.370,1.361
1689806515.515,-2.056,2.340,0.882
1689806515.575,-1.735,2.609,0.441
1689806515.575,-1.824,3.065,0.404
1689806515.575,-1.802,3.432,0.022
1689806515.651,-2.236,3.499,-0.202
1689806515.651,-2.460,3.604,0.030
1689806515.651,-2.049,3.619,0.037
1689806515.682,-1.951,3.409,0.000
1689806515.682,-1.682,2.998,-0.015
1689806515.682,-1.862,2.819,-0.127
1689806515.740,-1.570,2.923,0.374
1689806515.740,-1.495,2.505,0.860
1689806515.740,-1.787,2.766,1.032
1689806515.787,-2.310,2.647,1.181
1689806515.787,-2.123,2.677,1.196
1689806515.787,-1.563,3.148,1.465
1689806515.845,-1.712,2.946,1.249
1689806515.845,-2.056,3.095,0.830
1689806515.845,-2.393,3.649,0.867
1689806515.921,-1.914,4.329,0.852
1689806515.921,-1.981,4.710,1.226
1689806515.921,-2.138,4.710,1.166
1689806515.965,-2.363,4.037,1.338
1689806515.965,-2.348,3.522,1.578
1689806515.965,-2.071,3.327,1.720
1689806516.015,-1.824,3.193,1.712
1689806516.015,-1.869,3.566,1.996
1689806516.015,-1.742,3.716,1.787
1689806516.070,-1.757,3.544,1.697
1689806516.070,-1.847,3.133,1.249
1689806516.070,-2.056,2.834,0.807
1689806516.130,-2.101,3.290,0.837
1689806516.130,-2.071,3.656,0.807
1689806516.130,-2.191,3.873,0.209
1689806516.195,-2.348,3.933,-0.105
1689806516.195,-2.251,3.798,-0.359
1689806516.195,-2.228,3.783,-0.516
1689806516.250,-1.779,3.910,-0.493
1689806516.250,-2.019,4.030,-0.441
1689806516.250,-1.832,4.150,-0.247
1689806516.310,-1.159,3.589,-0.037
1689806516.310,-0.830,3.566,0.493
1689806516.310,-1.346,3.372,0.935
1689806516.355,-1.981,2.789,1.540
1689806516.355,-2.146,2.744,2.176
1689806516.355,-1.862,2.557,2.295
1689806516.430,-1.712,2.527,1.847
1689806516.430,-1.817,2.901,1.533
1689806516.430,-1.705,3.686,1.675
1689806516.479,-1.757,4.344,1.563
1689806516.479,-1.974,4.180,1.211
1689806516.479,-1.832,3.305,0.718
1689806516.535,-2.056,2.662,0.523
1689806516.535,-1.750,2.034,0.748
1689806516.535,-1.570,2.026,1.099
1689806516.580,-1.585,1.839,1.368
1689806516.580,-1.593,1.765,1.563
1689806516.580,-1.540,1.667,2.019
1689806516.640,-2.019,1.637,1.914
1689806516.640,-2.385,1.533,1.533
1689806516.640,-2.355,1.585,1.047
1689806516.700,-2.400,1.817,0.411
1689806516.700,-2.886,2.303,-0.389
1689806516.700,-2.953,2.684,-0.860
1689806516.763,-3.036,2.535,-1.136
1689806516.763,-2.826,2.467,-0.837
1689806516.763,-2.692,2.295,-0.336
1689806516.807,-3.282,2.019,0.157
1689806516.807,-3.320,1.712,0.366
1689806516.807,-2.774,1.406,0.658
1689806516.865,-2.654,1.525,1.353
1689806516.865,-2.751,1.488,1.563
1689806516.865,-2.901,1.742,1.391
1689806516.925,-2.908,1.922,1.241
1689806516.925,-2.572,2.034,1.211
1689806516.925,-2.265,2.206,1.099
1689806516.985,-2.512,2.632,0.366
1689806516.985,-2.856,3.447,0.262
1689806516.985,-2.542,4.292,0.247
1689806517.046,-2.482,4.591,0.636
1689806517.046,-2.467,4.658,0.867
1689806517.046,-2.856,4.037,0.718
1689806517.090,-2.639,3.260,0.748
1689806517.090,-2.684,2.804,1.084
1689806517.090,-2.183,2.587,1.293
1689806517.149,-1.892,2.684,1.563
1689806517.149,-1.338,2.609,1.615
1689806517.149,-1.563,2.445,1.735
1689806517.210,-1.765,2.191,1.368
1689806517.210,-2.221,2.108,1.241
1689806517.210,-1.981,2.535,1.092
1689806517.270,-2.004,2.669,1.039
1689806517.270,-2.460,3.065,0.606
1689806517.270,-2.804,3.013,0.217
1689806517.320,-2.744,2.968,0.194
1689806517.320,-2.123,3.021,0.426
1689806517.320,-1.660,2.662,0.299
1689806517.390,-1.966,2.766,0.247
1689806517.390,-2.280,2.976,0.643
1689806517.390,-1.996,3.185,0.695
1689806517.450,-1.787,3.080,0.800
1689806517.450,-1.936,2.953,0.725
1689806517.450,-1.862,2.916,0.860
1689806517.495,-1.854,3.237,1.211
1689806517.495,-1.518,3.095,1.084
1689806517.495,-1.959,3.305,1.039
1689806517.557,-2.422,3.402,0.561
1689806517.557,-2.101,3.783,0.613
1689806517.557,-2.079,4.351,0.890
1689806517.619,-2.497,4.359,0.927
1689806517.619,-2.460,4.000,0.920
1689806517.619,-2.071,3.140,0.695
1689806517.660,-1.727,2.886,0.920
1689806517.660,-1.750,2.737,0.942
1689806517.660,-1.600,2.692,0.763
1689806517.720,-1.622,2.759,0.374
1689806517.720,-1.809,2.677,0.329
1689806517.720,-2.236,2.206,0.172
1689806517.780,-2.452,1.869,-0.194
1689806517.780,-2.587,2.034,-0.546
1689806517.780,-2.198,2.497,-0.583
1689806517.840,-2.123,3.103,-0.920
1689806517.840,-2.138,3.215,-1.159
1689806517.840,-2.445,3.080,-1.107
1689806517.888,-2.333,2.953,-0.942
1689806517.888,-2.191,2.946,-0.493
1689806517.888,-2.153,2.774,-0.673
1689806517.945,-1.690,2.258,-1.211
1689806517.945,-1.084,1.966,-1.622
1689806517.945,-1.421,1.862,-2.146
1689806518.005,-1.450,1.533,-2.684
1689806518.005,-1.555,1.323,-3.051
1689806518.005,-1.660,1.219,-3.036
1689806518.050,-1.443,1.540,-3.372
1689806518.050,-1.069,1.383,-3.918
1689806518.050,-1.144,1.368,-4.292
1689806518.113,-0.882,1.533,-4.538
1689806518.113,-1.114,2.116,-4.516
1689806518.113,-0.845,2.624,-4.823
1689806518.170,-1.024,3.424,-5.069
1689806518.170,-1.944,3.858,-5.234
1689806518.170,-2.183,3.731,-5.772
1689806518.230,-2.512,3.267,-6.251
1689806518.230,-2.550,2.669,-6.871
1689806518.230,-2.684,2.168,-7.447
1689806518.290,-2.355,2.191,-8.000
1689806518.290,-1.862,2.258,-8.307
1689806518.290,-1.645,3.080,-8.120
1689806518.335,-1.630,3.866,-7.888
1689806518.335,-1.981,4.905,-7.148
1689806518.335,-1.929,5.735,-5.795
1689806518.398,-2.168,6.505,-4.748
1689806518.398,-3.125,7.267,-3.275
1689806518.398,-4.187,7.327,-1.914
1689806518.455,-4.396,6.490,-1.189
1689806518.455,-4.351,5.368,-0.867
1689806518.455,-4.112,4.292,-1.099
1689806518.515,-3.828,3.484,-1.585
1689806518.515,-3.252,2.759,-2.176
1689806518.515,-2.550,2.198,-2.901
1689806518.560,-2.191,2.325,-2.826
1689806518.560,-2.176,2.251,-2.744
1689806518.560,-2.325,2.273,-2.176
1689806518.620,-2.243,2.161,-2.228
1689806518.620,-2.587,2.273,-1.458
1689806518.620,-2.744,2.355,-1.196
1689806518.683,-3.350,2.647,-1.062
1689806518.683,-3.447,3.305,-0.643
1689806518.683,-3.051,3.761,-0.007
1689806518.743,-2.946,3.910,0.396
1689806518.743,-2.931,3.895,0.688
1689806518.743,-2.826,3.604,1.346
1689806518.800,-2.243,3.178,1.690
1689806518.800,-1.615,2.520,2.123
1689806518.800,-1.062,2.049,2.789
1689806518.845,-0.867,1.667,3.342
1689806518.845,-0.591,1.151,3.918
1689806518.845,-0.665,0.897,4.269
1689806518.919,-1.092,0.665,4.269
1689806518.919,-1.794,0.568,4.120
1689806518.919,-2.123,1.151,4.135
1689806518.965,-2.176,1.750,3.918
1689806518.965,-2.520,2.355,3.522
1689806518.965,-2.624,2.714,2.841
1689806519.013,-2.811,3.252,2.333
1689806519.013,-2.699,3.252,2.213
1689806519.013,-2.333,3.230,1.869
1689806519.070,-2.340,3.133,1.578
1689806519.070,-1.966,2.834,1.667
1689806519.070,-1.824,2.632,1.406
1689806519.130,-1.877,2.228,1.533
1689806519.130,-1.712,1.899,2.049
1689806519.130,-1.413,1.555,2.280
1689806519.208,-1.383,1.219,2.527
1689806519.208,-1.047,0.994,2.901
1689806519.208,-1.316,0.890,2.953
1689806519.251,-1.824,1.107,2.796
1689806519.251,-1.854,1.608,2.968
1689806519.251,-1.241,2.176,3.245
1689806519.295,-0.927,2.938,3.701
1689806519.295,-1.181,3.462,3.836
1689806519.295,-1.750,3.664,3.821
1689806519.355,-1.839,3.686,3.843
1689806519.355,-1.809,3.791,3.432
1689806519.355,-1.593,4.075,3.163
1689806519.415,-1.196,4.531,2.482
1689806519.415,-1.353,4.680,2.460
1689806519.415,-1.503,4.658,2.617
1689806519.480,-2.108,4.120,2.086
1689806519.480,-2.467,3.708,1.877
1689806519.480,-2.146,3.731,1.443
1689806519.523,-1.922,3.948,1.346
1689806519.523,-2.131,4.015,1.002
1689806519.523,-2.221,3.708,0.336
1689806519.581,-2.183,3.701,-0.157
1689806519.581,-1.989,3.380,-0.411
1689806519.581,-2.280,3.589,-0.329
1689806519.640,-2.019,3.469,-0.508
1689806519.640,-1.936,3.065,-0.665
1689806519.640,-1.757,2.826,-0.546
1689806519.700,-1.667,2.789,-0.464
1689806519.700,-1.996,2.961,0.164
1689806519.700,-2.153,3.118,0.471
1689806519.762,-1.959,3.051,0.860
1689806519.762,-1.585,3.178,1.600
1689806519.762,-1.877,3.387,1.809
1689806519.807,-2.295,3.798,1.443
1689806519.807,-2.482,4.636,1.862
1689806519.807,-2.116,5.092,2.168
1689806519.864,-2.101,5.630,2.408
1689806519.864,-2.333,5.712,2.325
1689806519.864,-2.781,5.368,2.011
1689806519.925,-2.565,5.159,2.026
1689806519.925,-1.794,4.628,2.168
1689806519.925,-1.660,4.351,2.086
1689806519.985,-1.421,4.337,2.385
1689806519.985,-1.189,3.910,2.632
1689806519.985,-1.645,3.327,2.318
1689806520.045,-2.056,2.527,1.996
1689806520.045,-2.370,2.370,2.056
1689806520.045,-2.131,2.557,1.862
1689806520.090,-2.378,2.976,1.922
1689806520.090,-2.707,3.260,1.682
1689806520.090,-2.886,3.462,0.882
1689806520.150,-3.095,3.768,0.979
1689806520.150,-2.766,3.686,0.845
1689806520.150,-2.422,3.551,0.591
1689806520.225,-2.677,3.529,0.643
1689806520.225,-2.288,3.275,0.950
1689806520.225,-1.981,3.133,1.368
1689806520.270,-1.922,2.789,1.772
1689806520.270,-2.318,2.520,1.757
1689806520.270,-2.422,2.445,2.228
1689806520.320,-2.385,2.572,2.908
1689806520.320,-1.974,2.370,2.707
1689806520.320,-2.452,2.333,2.198
1689806520.390,-2.654,2.295,1.929
1689806520.390,-2.452,2.796,1.936
1689806520.390,-2.123,3.282,2.049
1689806520.435,-1.944,3.282,1.742
1689806520.435,-2.138,3.103,1.570
1689806520.435,-2.445,2.871,1.660
1689806520.495,-2.131,2.213,1.421
1689806520.495,-1.750,2.086,1.122
1689806520.495,-1.630,1.922,1.144
1689806520.540,-2.019,1.839,0.957
1689806520.540,-1.690,1.645,1.174
1689806520.540,-1.996,1.391,1.129
1689806520.619,-2.572,1.069,1.017
1689806520.619,-2.849,1.151,1.024
1689806520.619,-2.460,1.794,0.897
1689806520.660,-2.280,2.116,0.329
1689806520.660,-2.452,2.176,-0.120
1689806520.660,-2.310,2.138,-0.568
1689806520.720,-1.787,2.064,-0.665
1689806520.720,-1.510,2.191,-0.718
1689806520.720,-1.929,2.056,-0.598
1689806520.780,-1.877,1.877,0.112
1689806520.780,-1.585,1.720,0.830
1689806520.780,-1.488,1.675,1.249
1689806520.840,-1.652,1.847,1.697
1689806520.840,-2.079,2.019,2.228
1689806520.840,-2.228,2.280,2.550
1689806520.886,-1.944,2.542,2.415
1689806520.886,-2.071,2.699,2.490
1689806520.886,-2.445,2.976,1.824
1689806520.944,-2.280,3.402,1.114
1689806520.944,-2.191,4.127,1.054
1689806520.944,-2.056,4.658,1.024
1689806521.005,-2.138,4.950,0.516
1689806521.005,-2.340,4.643,0.434
1689806521.005,-2.624,4.224,0.755
1689806521.050,-1.877,3.641,0.815
1689806521.050,-1.862,3.297,0.815
1689806521.050,-1.907,3.073,1.009
1689806521.113,-1.914,3.387,1.353
1689806521.113,-1.608,3.566,1.907
1689806521.113,-1.899,3.394,1.832
1689806521.170,-2.056,3.282,1.368
1689806521.170,-2.131,3.208,0.897
1689806521.170,-2.034,3.537,0.965
1689806521.230,-2.295,4.067,0.979
1689806521.230,-2.467,4.434,0.351
1689806521.230,-2.512,4.292,0.396
1689806521.290,-2.617,4.322,0.336
1689806521.290,-2.422,4.247,0.351
1689806521.290,-2.340,4.165,0.583
1689806521.349,-2.243,4.112,0.905
1689806521.349,-2.213,3.925,1.107
1689806521.349,-2.138,3.679,1.264
1689806521.398,-2.086,3.252,0.972
1689806521.398,-2.295,3.282,0.994
1689806521.398,-2.430,3.103,0.994
1689806521.445,-2.273,3.305,1.092
1689806521.445,-1.712,3.208,1.122
1689806521.445,-1.966,3.297,1.174
1689806521.515,-2.026,3.701,0.733
1689806521.515,-1.765,4.269,0.665
1689806521.515,-1.779,4.464,0.763
1689806521.565,-2.265,4.479,0.837
1689806521.565,-2.475,4.374,0.793
1689806521.565,-2.609,3.978,1.062
1689806521.635,-2.393,3.252,1.346
1689806521.635,-2.243,3.051,1.525
1689806521.635,-2.086,2.684,1.271
1689806521.683,-1.966,2.258,1.196
1689806521.683,-1.862,2.004,1.241
1689806521.683,-1.854,1.720,0.882
1689806521.729,-1.989,1.398,0.807
1689806521.729,-1.794,1.219,0.479
1689806521.729,-1.256,1.742,0.239
1689806521.785,-1.682,2.542,0.546
1689806521.785,-2.094,3.006,0.464
1689806521.785,-2.819,3.462,0.576
1689806521.844,-2.557,3.275,0.299
1689806521.844,-2.550,3.051,0.366
1689806521.844,-2.490,2.871,0.770
1689806521.905,-2.422,2.864,0.441
1689806521.905,-2.437,2.587,0.516
1689806521.905,-2.385,2.624,0.905
1689806521.964,-2.131,3.088,0.957
1689806521.964,-1.765,3.140,0.665
1689806521.964,-1.465,3.320,1.039
1689806522.011,-1.398,3.350,1.518
1689806522.011,-1.301,3.282,1.742
1689806522.011,-1.615,3.230,1.765
1689806522.070,-2.437,3.327,1.548
1689806522.070,-2.520,3.245,1.450
1689806522.070,-1.892,3.477,1.735
1689806522.130,-2.041,4.112,1.914
1689806522.130,-2.303,3.858,1.712
1689806522.130,-2.422,3.462,1.331
1689806522.191,-2.258,2.879,1.032
1689806522.191,-1.839,2.886,0.965
1689806522.191,-1.682,2.654,0.636
1689806522.238,-1.682,2.968,0.501
1689806522.238,-1.794,3.021,0.807
1689806522.238,-1.951,2.976,1.211
1689806522.295,-2.445,2.804,1.024
1689806522.295,-2.393,2.699,0.815
1689806522.295,-2.527,2.639,0.912
1689806522.355,-2.310,2.991,0.852
1689806522.355,-2.370,3.551,0.680
1689806522.355,-2.811,3.574,0.209
1689806522.414,-2.557,3.768,-0.135
1689806522.414,-2.512,3.634,-0.164
1689806522.414,-2.325,3.282,-0.097
1689806522.480,-2.542,3.350,0.187
1689806522.480,-2.415,3.073,0.591
1689806522.480,-2.056,2.654,0.778
1689806522.523,-2.086,2.624,0.972
1689806522.523,-1.951,2.789,1.159
1689806522.523,-2.146,2.938,1.503
1689806522.580,-2.153,3.028,1.578
1689806522.580,-2.004,3.088,1.151
1689806522.580,-1.637,2.961,1.174
1689806522.640,-1.421,2.894,0.979
1689806522.640,-1.989,2.923,0.778
1689806522.640,-1.981,3.065,0.703
1689806522.700,-2.026,3.641,0.950
1689806522.700,-2.041,3.978,1.032
1689806522.700,-2.475,4.015,1.047
1689806522.762,-2.766,3.701,1.084
1689806522.762,-2.348,2.998,1.234
1689806522.762,-1.839,2.737,1.234
1689806522.807,-1.458,2.834,1.301
1689806522.807,-1.600,3.140,1.660
1689806522.807,-1.316,2.834,1.465
1689806522.864,-1.615,2.445,1.847
1689806522.864,-2.011,2.116,1.563
1689806522.864,-2.318,1.914,1.406
1689806522.925,-1.936,2.064,1.077
1689806522.925,-1.907,2.340,0.822
1689806522.925,-2.445,2.796,0.464
1689806522.985,-3.058,3.170,0.359
1689806522.985,-2.654,3.260,-0.105
1689806522.985,-2.303,3.290,-0.247
1689806523.044,-2.086,3.125,-0.112
1689806523.044,-2.131,3.028,-0.120
1689806523.044,-2.258,3.088,-0.082
1689806523.104,-1.974,3.402,0.224
1689806523.104,-1.936,3.312,0.359
1689806523.104,-1.727,3.118,0.486
1689806523.150,-1.862,3.237,0.740
1689806523.150,-2.609,3.215,0.322
1689806523.150,-2.766,2.811,0.852
1689806523.210,-2.138,2.826,1.181
1689806523.210,-2.056,2.871,1.159
1689806523.210,-2.123,3.469,0.785
1689806523.255,-2.318,3.918,0.897
1689806523.255,-2.183,5.107,0.852
1689806523.255,-1.809,5.615,1.129
1689806523.320,-2.131,5.615,1.092
1689806523.320,-2.475,5.084,1.024
1689806523.320,-2.505,4.576,0.927
1689806523.375,-2.280,4.000,0.912
1689806523.375,-1.832,4.037,0.950
1689806523.375,-1.735,4.060,1.129
1689806523.450,-1.578,3.821,1.615
1689806523.450,-1.264,3.544,1.652
1689806523.450,-1.705,3.170,1.622
1689806523.480,-1.959,2.729,1.525
1689806523.480,-1.966,2.744,1.772
1689806523.480,-1.779,3.043,1.742
1689806523.540,-1.877,3.439,1.204
1689806523.540,-1.959,3.275,0.606
1689806523.540,-2.101,3.095,0.366
1689806523.604,-1.989,2.991,0.419
1689806523.604,-1.593,2.766,0.202
1689806523.604,-1.847,2.894,0.486
1689806523.659,-1.832,2.520,0.441
1689806523.659,-1.824,2.587,0.867
1689806523.659,-1.585,2.849,1.204
1689806523.720,-1.847,2.774,1.301
1689806523.720,-2.064,2.669,1.443
1689806523.720,-2.094,2.916,1.779
1689806523.765,-1.742,3.133,2.221
1689806523.765,-1.667,3.342,2.415
1689806523.765,-1.622,3.178,1.899
1689806523.825,-1.794,3.080,1.600
1689806523.825,-1.809,3.335,1.450
1689806523.825,-1.929,3.701,1.495
1689806523.886,-1.884,4.082,1.750
1689806523.886,-1.832,3.948,1.622
1689806523.886,-1.757,3.551,1.488
1689806523.945,-1.563,3.043,1.293
1689806523.945,-1.331,2.737,1.077
1689806523.945,-1.563,2.729,0.897
1689806523.990,-1.929,2.400,0.979
1689806523.990,-2.288,2.295,1.249
1689806523.990,-2.864,1.899,0.665
1689806524.049,-3.080,1.637,0.090
1689806524.049,-3.148,0.000,0.045
1689806524.049,-3.051,2.116,-0.127
1689806524.113,-3.237,2.056,-0.650
1689806524.113,-3.335,2.138,-0.822
1689806524.113,-3.118,1.705,-1.099
1689806524.170,-2.408,1.660,-0.927
1689806524.170,-2.049,1.727,-0.740
1689806524.170,-1.996,1.421,-0.277
1689806524.215,-2.452,1.151,0.389
1689806524.215,-2.467,1.069,1.136
1689806524.215,-2.280,1.346,1.406
1689806524.290,-2.310,1.563,1.338
1689806524.290,-2.535,1.637,1.122
1689806524.290,-2.490,2.108,0.785
1689806524.335,-2.662,2.422,0.553
1689806524.335,-2.408,2.490,0.202
1689806524.335,-2.669,2.699,-0.150
1689806524.398,-2.864,2.946,-0.523
1689806524.398,-2.759,3.581,-0.030
1689806524.398,-2.677,3.940,0.209
1689806524.445,-2.737,3.836,0.606
1689806524.445,-2.901,3.671,0.927
1689806524.445,-2.759,2.961,1.196
1689806524.501,-2.542,2.400,1.727
1689806524.501,-2.774,2.131,1.824
1689806524.501,-2.998,1.959,1.727
1689806524.560,-2.901,2.011,1.615
1689806524.560,-2.744,1.907,1.450
1689806524.560,-2.579,2.146,1.009
1689806524.620,-2.707,2.116,0.568
1689806524.620,-1.892,2.647,0.426
1689806524.620,-1.488,3.282,0.232
1689806524.682,-1.331,3.993,-0.194
1689806524.682,-1.682,4.082,-0.837
1689806524.682,-1.720,3.828,-0.927
1689806524.729,-1.705,3.484,-0.680
1689806524.729,-1.884,3.088,-0.105
1689806524.729,-2.221,3.125,0.359
1689806524.784,-2.138,3.140,0.486
1689806524.784,-2.295,3.417,0.695
1689806524.784,-2.288,4.037,1.107
1689806524.844,-2.273,4.479,0.807
1689806524.844,-2.049,4.254,0.097
1689806524.844,-2.138,4.247,-0.194
1689806524.905,-1.473,3.880,-0.120
1689806524.905,-1.039,3.589,-0.112
1689806524.905,-1.578,3.402,0.157
1689806524.964,-1.600,3.454,0.606
1689806524.964,-1.301,3.529,1.174
1689806524.964,-1.510,3.522,1.832
1689806525.011,-2.019,3.387,2.161
1689806525.011,-2.138,2.572,2.101
1689806525.011,-2.131,1.922,2.273
1689806525.069,-1.667,1.540,1.981
1689806525.069,-1.585,1.271,1.540
1689806525.069,-1.608,1.480,1.308
1689806525.130,-1.735,1.832,1.002
1689806525.130,-1.809,1.608,0.725
1689806525.130,-2.288,1.675,0.628
1689806525.189,-2.430,1.540,0.120
1689806525.189,-2.370,1.892,0.082
1689806525.189,-2.161,2.393,-0.172
1689806525.238,-2.206,2.998,-0.322
1689806525.238,-2.766,3.522,0.045
1689806525.238,-2.961,3.544,0.232
1689806525.294,-2.923,3.327,0.419
1689806525.294,-2.654,3.245,0.950
1689806525.294,-2.422,2.961,1.279
1689806525.354,-2.243,2.766,1.705
1689806525.354,-2.378,2.617,1.951
1689806525.354,-2.452,2.579,2.108
1689806525.415,-2.699,2.662,1.794
1689806525.415,-2.968,2.460,1.690
1689806525.415,-2.781,2.609,1.772
1689806525.476,-2.393,2.729,1.593
1689806525.476,-1.779,2.722,1.159
1689806525.476,-1.869,2.961,0.523
1689806525.523,-1.652,3.626,0.194
1689806525.523,-1.271,4.351,0.120
1689806525.523,-1.376,4.837,0.307
1689806525.579,-2.079,4.419,0.546
1689806525.579,-2.684,3.851,0.680
1689806525.579,-2.714,3.200,0.950
1689806525.639,-2.191,2.946,1.196
1689806525.639,-2.049,2.908,1.712
1689806525.639,-1.944,3.215,1.907
1689806525.700,-1.622,3.409,1.735
1689806525.700,-1.839,3.424,1.667
1689806525.700,-1.817,3.021,1.271
1689806525.762,-1.794,2.871,1.234
1689806525.762,-1.757,2.699,1.039
1689806525.762,-1.570,2.692,0.815
1689806525.807,-1.720,2.774,0.404
1689806525.807,-2.206,2.737,0.307
1689806525.807,-2.505,2.490,0.120
1689806525.867,-2.579,2.579,0.381
1689806525.867,-2.325,2.325,0.030
1689806525.867,-2.370,1.959,-0.187
1689806525.924,-2.512,1.951,-0.112
1689806525.924,-2.617,0.000,0.067
1689806525.924,-2.019,1.735,0.082
1689806525.970,-2.176,2.004,0.179
1689806525.970,-1.899,2.348,0.112
1689806525.970,-2.183,2.542,0.411
1689806526.049,-1.712,2.864,0.920
1689806526.049,-1.892,2.662,1.032
1689806526.049,-2.198,2.579,0.905
1689806526.089,-2.303,2.729,0.882
1689806526.089,-2.064,3.073,1.136
1689806526.089,-1.981,3.432,1.645
1689806526.149,-1.847,3.664,1.473
1689806526.149,-1.682,3.312,1.376
1689806526.149,-1.779,3.006,1.346
1689806526.195,-1.735,2.976,1.308
1689806526.195,-1.346,2.953,1.054
1689806526.195,-1.443,3.193,0.486
1689806526.255,-1.518,3.237,0.299
1689806526.255,-1.563,3.118,0.359
1689806526.255,-1.929,2.968,0.538
1689806526.320,-2.288,2.565,0.299
1689806526.320,-2.490,2.647,0.598
1689806526.320,-1.981,3.006,0.658
1689806526.374,-1.787,3.155,0.329
1689806526.374,-1.944,3.380,0.164
1689806526.374,-2.131,3.432,-0.090
1689806526.434,-2.355,3.566,-0.007
1689806526.434,-2.026,3.125,0.135
1689806526.434,-1.652,3.350,0.045
1689806526.479,-1.892,3.424,0.411
1689806526.479,-1.981,3.380,0.800
1689806526.479,-1.802,3.297,0.905
1689806526.539,-1.817,3.409,1.234
1689806526.539,-2.422,3.335,1.099
1689806526.539,-2.258,3.327,1.039
1689806526.604,-2.049,3.679,1.391
1689806526.604,-1.645,3.903,1.690
1689806526.604,-1.675,3.686,1.308
1689806526.648,-1.974,3.836,0.755
1689806526.648,-1.862,4.329,0.890
1689806526.648,-2.079,5.122,1.279
1689806526.705,-2.213,5.316,1.271
1689806526.705,-2.497,4.890,0.695
1689806526.705,-2.467,4.194,0.344
1689806526.779,-2.437,3.671,0.194
1689806526.779,-2.064,3.387,0.277
1689806526.779,-1.742,3.372,0.426
1689806526.825,-1.884,3.380,1.062
1689806526.825,-1.286,3.080,0.950
1689806526.825,-1.645,2.512,0.807
1689806526.887,-2.131,2.243,1.039
1689806526.887,-2.221,2.153,0.830
1689806526.887,-1.966,2.579,0.837
1689806526.932,-1.989,3.237,0.845
1689806526.932,-2.094,3.529,0.292
1689806526.932,-2.557,3.454,0.060
1689806526.993,-2.602,3.529,0.067
1689806526.993,-2.251,3.103,-0.172
1689806526.993,-2.408,2.751,0.037
1689806527.049,-2.370,2.542,0.247
1689806527.049,-1.892,2.168,0.284
1689806527.049,-1.832,2.034,1.017
1689806527.109,-1.869,2.131,1.196
1689806527.109,-2.280,2.310,1.286
1689806527.109,-2.064,2.049,1.204
1689806527.184,-1.682,2.340,1.279
1689806527.184,-1.346,2.864,1.615
1689806527.184,-1.779,2.968,1.570
1689806527.229,-2.198,3.529,1.488
1689806527.229,-2.251,4.090,1.600
1689806527.229,-2.378,4.374,1.518
1689806527.274,-2.273,4.247,1.391
1689806527.274,-2.475,3.806,1.039
1689806527.274,-2.714,3.133,1.017
1689806527.334,-2.789,2.684,0.994
1689806527.334,-2.348,2.669,1.196
1689806527.334,-2.340,2.400,1.166
1689806527.398,-2.161,2.475,1.039
1689806527.398,-1.779,2.138,1.077
1689806527.398,-1.862,2.064,0.965
1689806527.445,-2.370,1.907,0.815
1689806527.445,-2.632,1.765,0.314
1689806527.445,-2.624,1.929,0.374
1689806527.500,-2.370,2.295,-0.120
1689806527.500,-2.819,2.550,-0.187
1689806527.500,-3.006,2.565,-0.344
1689806527.559,-3.163,2.572,-0.322
1689806527.559,-2.400,2.400,-0.007
1689806527.559,-2.422,2.662,0.389
1689806527.619,-2.288,2.662,0.561
1689806527.619,-2.183,2.445,0.830
1689806527.619,-2.153,2.512,0.845
1689806527.710,-2.183,2.295,0.680
1689806527.710,-2.213,2.273,0.576
1689806527.710,-1.944,2.385,0.710
1689806527.728,-1.989,2.908,1.166
1689806527.728,-1.488,3.013,1.271
1689806527.728,-1.922,3.267,0.875
1689806527.784,-2.437,3.551,0.905
1689806527.784,-2.400,3.895,1.114
1689806527.784,-2.280,4.636,1.450
1689806527.844,-2.310,4.419,1.241
1689806527.844,-2.108,3.708,1.122
1689806527.844,-1.779,3.021,0.867
1689806527.904,-1.802,2.781,0.979
1689806527.904,-1.630,2.490,1.092
1689806527.904,-1.899,2.475,1.196
1689806527.953,-1.555,2.594,1.189
1689806527.953,-1.525,2.579,1.608
1689806527.953,-1.966,2.318,1.847
1689806528.026,-2.026,2.086,1.361
1689806528.026,-1.712,1.981,1.017
1689806528.026,-1.839,2.692,1.204
1689806528.069,-1.929,3.051,0.852
1689806528.069,-2.475,3.537,0.763
1689806528.069,-2.565,3.544,0.538
1689806528.129,-2.594,3.432,0.381
1689806528.129,-2.400,2.983,0.299
1689806528.129,-2.572,2.759,0.030
1689806528.175,-2.243,2.744,0.187
1689806528.175,-2.183,2.579,0.688
1689806528.175,-1.600,2.669,0.688
1689806528.238,-1.540,2.841,0.830
1689806528.238,-2.161,2.879,0.807
1689806528.238,-2.288,2.864,1.024
1689806528.294,-2.393,3.073,1.376
1689806528.294,-1.907,3.178,1.301
1689806528.294,-2.034,3.275,0.800
1689806528.354,-2.168,3.619,0.157
1689806528.354,-1.966,3.963,0.142
1689806528.354,-1.809,4.479,0.688
1689806528.414,-2.004,4.396,0.718
1689806528.414,-2.467,4.045,0.860
1689806528.414,-2.370,3.619,1.189
1689806528.459,-1.839,2.961,0.994
1689806528.459,-1.465,2.796,0.935
1689806528.459,-1.518,2.864,1.279
1689806528.523,-1.667,2.894,1.877
1689806528.523,-1.563,2.938,1.959
1689806528.523,-1.914,2.408,1.824
1689806528.580,-1.944,2.213,1.652
1689806528.580,-2.026,2.273,1.264
1689806528.580,-2.019,2.550,0.935
1689806528.639,-2.011,2.916,0.247
1689806528.639,-2.303,3.454,0.262
1689806528.639,-2.609,3.267,-0.090
1689806528.685,-2.348,3.178,-0.344
1689806528.685,-2.086,3.133,-0.217
1689806528.685,-2.325,2.998,0.127
1689806528.759,-2.206,3.267,0.269
1689806528.759,-2.303,3.170,0.568
1689806528.759,-1.750,2.916,0.905
1689806528.806,-1.862,3.110,1.368
1689806528.806,-1.862,3.200,1.458
1689806528.806,-1.951,3.365,1.361
1689806528.855,-2.258,3.439,1.608
1689806528.855,-2.034,3.312,1.892
1689806528.855,-1.772,3.118,1.794
1689806528.910,-1.929,3.065,1.159
1689806528.910,-2.228,3.282,1.211
1689806528.910,-2.146,3.798,1.122
1689806528.970,-2.243,4.307,1.308
1689806528.970,-2.131,4.239,0.905
1689806528.970,-2.385,3.776,0.733
1689806529.035,-2.310,2.998,0.665
1689806529.035,-2.213,2.624,0.935
1689806529.035,-1.884,2.654,1.032
1689806529.089,-2.034,2.393,0.867
1689806529.089,-1.750,2.340,0.807
1689806529.089,-1.450,2.228,1.219
1689806529.136,-2.049,2.198,1.279
1689806529.136,-2.265,1.712,0.778
1689806529.136,-2.228,2.034,1.062
1689806529.194,-1.892,2.497,0.852
1689806529.194,-1.951,3.088,0.770
1689806529.194,-2.378,3.409,0.755
1689806529.254,-2.198,3.245,0.419
1689806529.254,-2.198,3.267,0.568
1689806529.254,-1.779,2.894,0.486
1689806529.320,-1.854,2.871,0.411
1689806529.320,-1.682,2.677,0.396
1689806529.320,-1.488,2.617,0.501
1689806529.376,-1.256,2.677,0.688
1689806529.376,-1.361,2.841,0.763
1689806529.376,-1.570,2.976,0.523
1689806529.434,-1.779,2.811,0.501
1689806529.434,-1.802,2.751,0.613
1689806529.434,-1.705,2.894,0.882
1689806529.480,-1.735,2.856,1.009
1689806529.480,-2.094,2.908,0.284
1689806529.480,-1.951,3.252,-0.037
1689806529.539,-1.862,3.955,0.456
1689806529.539,-1.832,4.396,0.815
1689806529.539,-2.161,4.396,1.084
1689806529.604,-2.460,4.075,0.890
1689806529.604,-2.355,3.649,1.054
1689806529.604,-2.265,3.312,0.673
1689806529.648,-1.832,3.252,0.935
1689806529.648,-1.428,3.529,1.144
1689806529.648,-1.570,3.574,1.346
1689806529.708,-1.637,3.380,1.510
1689806529.708,-1.832,2.983,1.144
1689806529.708,-2.011,2.879,0.882
1689806529.765,-2.123,3.327,0.441
1689806529.765,-1.884,3.372,0.022
1689806529.765,-2.348,3.866,0.022
1689806529.825,-2.512,4.120,-0.307
1689806529.825,-2.505,3.798,-0.553
1689806529.825,-2.490,3.447,-0.508
1689806529.901,-2.318,3.170,-0.576
1689806529.901,-2.340,3.006,-0.583
1689806529.901,-2.198,2.654,-0.202
1689806529.933,-2.079,2.669,0.389
1689806529.933,-1.705,2.991,0.650
1689806529.933,-1.884,3.006,0.636
1689806530.004,-2.161,3.148,0.650
1689806530.004,-1.959,3.208,0.665
1689806530.004,-1.839,3.462,0.807
1689806530.049,-1.264,3.619,1.062
1689806530.049,-1.413,3.559,1.279
1689806530.049,-1.869,3.776,1.316
1689806530.110,-1.622,4.307,1.854
1689806530.110,-1.630,4.830,2.183
1689806530.110,-1.899,4.837,2.378
1689806530.160,-2.086,4.598,2.512
1689806530.160,-2.198,4.030,2.108
1689806530.160,-1.742,3.798,1.675
1689806530.214,-1.458,3.200,1.660
1689806530.214,-1.450,3.043,1.413
1689806530.214,-1.660,2.998,1.622
1689806530.274,-1.204,2.609,1.892
1689806530.274,-1.510,1.959,1.974
1689806530.274,-1.839,1.540,1.772
1689806530.334,-2.094,1.727,1.585
1689806530.334,-2.071,2.258,1.533
1689806530.334,-2.213,2.550,0.778
1689806530.394,-2.482,2.662,0.845
1689806530.394,-2.527,2.677,0.329
1689806530.394,-2.490,2.684,0.262
1689806530.445,-2.288,2.834,0.209
1689806530.445,-2.542,2.871,0.366
1689806530.445,-2.804,3.155,0.658
1689806530.499,-2.490,3.088,0.718
1689806530.499,-2.213,3.215,1.376
1689806530.499,-2.071,3.282,1.824
1689806530.560,-2.467,3.357,1.802
1689806530.560,-2.804,3.140,1.974
1689806530.560,-2.901,2.961,2.295
1689806530.620,-2.602,2.497,2.452
1689806530.620,-2.579,2.086,2.176
1689806530.620,-2.527,1.936,1.772
1689806530.682,-2.064,2.415,1.951
1689806530.682,-2.191,2.774,2.273
1689806530.682,-2.363,2.826,2.452
1689806530.729,-2.527,2.303,2.198
1689806530.729,-2.624,1.779,1.533
1689806530.729,-2.430,1.398,1.256
1689806530.784,-2.123,1.241,0.770
1689806530.784,-1.996,1.226,0.075
1689806530.784,-2.041,1.929,0.030
1689806530.844,-1.966,2.071,-0.097
1689806530.844,-1.712,2.079,-0.127
1689806530.844,-1.264,2.393,0.217
1689806530.890,-0.987,2.295,0.411
1689806530.890,-1.279,2.280,1.331
1689806530.890,-1.772,2.325,1.697
1689806530.953,-2.333,2.348,1.974
1689806530.953,-2.841,2.041,1.907
1689806530.953,-2.632,1.622,1.877
1689806531.011,-2.123,1.682,1.907
1689806531.011,-2.049,0.000,1.959
1689806531.011,-1.750,2.288,1.570
1689806531.069,-1.772,2.639,1.413
1689806531.069,-1.914,2.834,0.852
1689806531.069,-2.019,3.095,0.845
1689806531.129,-2.378,3.215,0.449
1689806531.129,-2.579,3.507,0.030
1689806531.129,-2.520,3.851,0.007
1689806531.174,-2.079,4.180,0.366
1689806531.174,-2.064,4.254,0.277
1689806531.174,-2.153,4.224,-0.030
1689806531.253,-2.004,4.628,0.105
1689806531.253,-1.869,4.710,0.329
1689806531.253,-1.832,4.628,1.039
1689806531.286,-2.333,4.284,1.593
1689806531.286,-2.707,3.529,1.869
1689806531.286,-2.527,3.065,2.019
1689806531.355,-2.430,2.864,1.959
1689806531.355,-2.071,2.901,1.884
1689806531.355,-1.981,2.998,1.705
1689806531.400,-1.929,2.781,1.234
1689806531.400,-1.548,2.572,1.159
1689806531.400,-1.622,2.527,0.979
1689806531.460,-2.049,2.408,1.069
1689806531.460,-1.892,2.699,0.875
1689806531.460,-1.779,2.923,0.733
1689806531.523,-2.183,3.148,0.486
1689806531.523,-2.804,3.626,0.224
1689806531.523,-2.879,3.499,-0.090
1689806531.581,-2.632,3.447,-0.239
1689806531.581,-2.221,3.791,-0.292
1689806531.581,-1.899,3.910,-0.127
1689806531.625,-1.765,3.858,0.194
1689806531.625,-2.206,3.402,0.785
1689806531.625,-2.191,3.380,1.226
1689806531.684,-2.378,3.365,1.555
1689806531.684,-2.355,2.991,1.578
1689806531.684,-2.460,3.043,1.907
1689806531.744,-2.131,2.841,1.802
1689806531.744,-2.116,2.976,1.690
1689806531.744,-2.415,3.103,1.323
1689806531.806,-2.273,3.604,0.538
1689806531.806,-1.735,4.501,0.576
1689806531.806,-1.862,4.935,0.561
1689806531.854,-2.198,5.054,0.568
1689806531.854,-2.759,4.404,0.718
1689806531.854,-2.662,3.477,1.219
1689806531.909,-2.243,2.953,1.615
1689806531.909,-1.929,2.565,1.929
1689806531.909,-2.161,2.475,1.989
1689806531.984,-2.221,2.624,1.914
1689806531.984,-2.213,2.527,1.450
1689806531.984,-2.258,2.408,0.890
1689806532.029,-2.146,2.333,0.090
1689806532.029,-2.011,2.587,-0.232
1689806532.029,-1.428,3.013,-0.471
1689806532.078,-1.787,3.140,-0.284
1689806532.078,-2.393,3.170,-0.568
1689806532.078,-2.408,3.028,0.030
1689806532.150,-2.490,2.998,0.680
1689806532.150,-2.303,2.744,1.077
1689806532.150,-2.213,2.445,1.570
1689806532.196,-1.974,2.355,1.750
1689806532.196,-1.914,2.422,1.615
1689806532.196,-1.802,2.632,1.548
1689806532.254,-1.727,2.901,1.578
1689806532.254,-1.824,2.976,1.279
1689806532.254,-2.094,2.938,1.129
1689806532.320,-1.907,3.387,1.114
1689806532.320,-1.391,3.514,1.129
1689806532.320,-2.019,3.507,1.009
1689806532.363,-2.161,3.424,0.793
1689806532.363,-1.824,3.611,0.830
1689806532.363,-1.652,3.985,1.271
1689806532.421,-2.101,3.940,1.151
1689806532.421,-2.565,3.701,1.234
1689806532.421,-2.707,3.133,0.972
1689806532.479,-2.542,2.617,1.136
1689806532.479,-1.794,2.393,1.346
1689806532.479,-1.383,2.535,1.166
1689806532.539,-1.450,2.804,1.241
1689806532.539,-1.279,3.125,1.361
1689806532.539,-1.802,3.088,1.136
1689806532.619,-2.064,2.669,0.755
1689806532.619,-2.295,2.699,0.598
1689806532.619,-2.265,2.991,0.785
1689806532.662,-2.355,3.417,0.718
1689806532.662,-2.460,3.581,0.060
1689806532.662,-2.946,3.761,-0.022
1689806532.720,-2.497,3.499,0.007
1689806532.720,-2.108,3.118,0.052
1689806532.720,-1.966,3.065,0.202
1689806532.779,-1.854,2.737,0.523
1689806532.779,-1.742,2.647,0.643
1689806532.779,-1.727,2.759,1.039
1689806532.825,-1.525,2.819,0.935
1689806532.825,-1.787,2.729,0.920
1689806532.825,-1.899,2.856,0.778
1689806532.901,-1.854,2.961,0.875
1689806532.901,-1.510,3.036,1.047
1689806532.901,-1.667,2.879,0.867
1689806532.931,-1.974,2.991,0.748
1689806532.931,-1.802,3.843,0.920
1689806532.931,-1.824,4.845,1.189
1689806532.989,-1.772,5.152,1.249
1689806532.989,-2.251,5.024,0.822
1689806532.989,-2.624,4.636,0.912
1689806533.049,-2.340,3.993,1.264
1689806533.049,-1.697,3.791,1.308
1689806533.049,-1.391,3.275,1.256
1689806533.109,-1.368,3.237,1.286
1689806533.109,-1.772,3.230,1.338
1689806533.109,-1.548,2.849,1.892
1689806533.160,-1.682,2.258,1.555
1689806533.160,-1.981,2.049,1.540
1689806533.160,-1.996,2.138,1.473
1689806533.214,-2.011,2.766,1.368
1689806533.214,-2.026,2.938,0.867
1689806533.214,-2.176,3.350,0.449
1689806533.274,-2.527,3.327,0.665
1689806533.274,-2.318,3.551,0.479
1689806533.274,-2.094,3.664,0.269
1689806533.335,-2.101,3.708,0.292
1689806533.335,-1.936,3.716,0.486
1689806533.335,-1.727,3.656,0.598
1689806533.380,-1.645,3.761,0.815
1689806533.380,-1.847,3.649,0.785
1689806533.380,-1.914,3.619,0.785
1689806533.445,-1.548,3.596,0.942
1689806533.445,-1.473,3.873,1.518
1689806533.445,-1.428,3.798,1.705
1689806533.499,-2.034,3.821,1.697
1689806533.499,-2.041,4.441,1.802
1689806533.499,-1.495,4.785,2.251
1689806533.548,-1.563,4.695,2.273
1689806533.548,-2.056,4.307,1.989
1689806533.548,-2.430,3.843,1.705
1689806533.605,-2.699,3.484,1.989
1689806533.605,-2.079,3.036,1.892
1689806533.605,-1.682,2.834,1.772
1689806533.664,-1.570,2.707,1.428
1689806533.664,-1.593,2.228,1.660
1689806533.664,-2.228,1.959,1.779
1689806533.729,-3.065,1.652,1.443
1689806533.729,-2.856,1.563,1.009
1689806533.729,-2.744,2.236,0.636
1689806533.785,-2.729,2.699,0.112
1689806533.785,-3.065,3.065,-0.329
1689806533.785,-3.208,3.103,-0.688
1689806533.844,-3.140,2.834,-0.568
1689806533.844,-2.669,2.602,0.030
1689806533.844,-2.445,2.393,0.411
1689806533.889,-2.796,2.041,0.793
1689806533.889,-2.894,0.000,1.196
1689806533.889,-2.542,1.899,1.533
1689806533.953,-2.639,2.236,1.869
1689806533.953,-2.460,2.415,1.234
1689806533.953,-2.422,2.654,0.718
1689806534.010,-2.355,3.073,0.351
1689806534.010,-2.004,3.013,0.284
1689806534.010,-1.951,3.058,0.007
1689806534.071,-2.393,3.267,-0.232
1689806534.071,-2.363,3.798,-0.052
1689806534.071,-2.258,4.292,0.262
1689806534.114,-2.639,4.778,0.688
1689806534.114,-2.871,4.082,0.606
1689806534.114,-3.028,3.394,0.860
1689806534.174,-2.520,2.953,1.473
1689806534.174,-2.094,2.348,1.757
1689806534.174,-1.443,2.034,1.600
1689806534.238,-1.495,2.026,1.862
1689806534.238,-1.241,1.720,1.675
1689806534.238,-0.987,1.817,1.570
1689806534.285,-1.540,1.465,1.510
1689806534.285,-2.079,1.308,1.458
1689806534.285,-2.243,1.608,1.204
1689806534.339,-2.273,1.637,0.942
1689806534.339,-2.594,2.198,0.531
1689806534.339,-2.654,2.348,0.426
1689806534.399,-2.452,2.295,0.037
1689806534.399,-2.609,2.198,0.239
1689806534.399,-2.303,2.258,-0.217
1689806534.459,-2.340,2.475,-0.292
1689806534.459,-2.138,2.265,-0.269
1689806534.459,-2.295,2.161,0.142
1689806534.523,-2.243,2.251,0.508
1689806534.523,-2.168,2.475,0.628
1689806534.523,-2.213,2.385,0.523
1689806534.583,-2.303,2.699,0.882
1689806534.583,-1.854,2.729,1.219
1689806534.583,-1.862,2.572,1.361
1689806534.624,-2.206,2.699,1.122
1689806534.624,-2.176,3.282,1.009
1689806534.624,-2.041,4.000,1.226
1689806534.684,-2.265,4.516,1.316
1689806534.684,-2.378,4.187,0.935
1689806534.684,-2.228,3.492,0.486
1689806534.744,-2.191,2.983,0.807
1689806534.744,-2.004,2.901,1.069
1689806534.744,-1.428,2.901,0.658
1689806534.805,-1.376,3.043,0.875
1689806534.805,-1.219,3.021,1.084
1689806534.805,-1.368,3.043,1.376
1689806534.854,-2.251,2.841,1.563
1689806534.854,-2.617,2.505,1.383
1689806534.854,-2.400,2.647,1.488
1689806534.913,-2.340,2.991,1.361
1689806534.913,-2.108,3.133,0.957
1689806534.913,-2.288,3.611,0.658
1689806534.969,-2.348,3.566,0.546
1689806534.969,-2.251,3.327,0.366
1689806534.969,-1.458,3.163,0.284
1689806535.029,-1.652,3.409,0.164
1689806535.029,-1.847,3.469,0.299
1689806535.029,-1.750,3.499,0.322
1689806535.078,-1.802,3.469,0.748
1689806535.078,-1.959,3.484,0.882
1689806535.078,-2.579,3.439,1.241
1689806535.135,-2.497,3.432,1.712
1689806535.135,-1.884,3.297,1.839
1689806535.135,-1.652,3.193,1.488
1689806535.209,-1.907,3.380,1.122
1689806535.209,-2.034,3.394,0.434
1689806535.209,-1.884,4.045,0.583
1689806535.254,-1.757,4.165,0.486
1689806535.254,-2.019,4.366,0.538
1689806535.254,-2.497,3.783,0.172
1689806535.314,-2.400,2.961,0.179
1689806535.314,-2.303,2.437,0.755
1689806535.314,-2.004,2.108,1.249
1689806535.375,-2.138,2.168,1.219
1689806535.375,-2.116,2.206,0.882
1689806535.375,-1.847,2.325,0.935
1689806535.422,-1.847,1.989,0.733
1689806535.422,-2.153,0.000,0.650
1689806535.422,-1.757,1.914,0.546
1689806535.480,-1.600,2.385,0.538
1689806535.480,-1.951,2.654,0.277
1689806535.480,-2.168,2.819,0.179
1689806535.539,-2.206,3.148,0.105
1689806535.539,-2.236,3.013,0.277
1689806535.539,-2.228,2.879,0.553
1689806535.604,-2.228,3.006,0.576
1689806535.604,-2.026,2.647,0.441
1689806535.604,-2.011,2.669,0.837
1689806535.647,-1.936,2.938,1.151
1689806535.647,-1.787,3.021,1.510
1689806535.647,-2.213,3.237,1.503
1689806535.704,-2.123,3.267,1.593
1689806535.704,-1.787,3.357,1.809
1689806535.704,-1.301,3.372,1.675
1689806535.765,-1.368,3.237,1.548
1689806535.765,-1.907,3.006,0.733
1689806535.765,-2.101,3.237,0.486
1689806535.839,-1.428,4.127,0.860
1689806535.839,-1.181,4.553,1.047
1689806535.839,-1.570,4.322,1.271
1689806535.885,-2.206,3.828,1.338
1689806535.885,-2.116,3.006,1.353
1689806535.885,-2.064,2.662,1.593
1689806535.931,-1.682,2.557,1.817
1689806535.931,-1.637,2.946,1.675
1689806535.931,-1.346,3.178,1.256
1689806535.989,-1.622,2.849,1.608
1689806535.989,-1.966,2.654,1.331
1689806535.989,-1.787,2.557,0.942
1689806536.049,-1.832,2.699,0.748
1689806536.049,-1.735,3.155,0.464
1689806536.049,-1.981,3.424,0.142
1689806536.094,-2.460,3.544,-0.045
1689806536.094,-2.632,3.432,-0.112
1689806536.094,-2.318,3.215,0.007
1689806536.160,-2.265,2.961,0.269
1689806536.160,-2.004,2.796,0.449
1689806536.160,-1.989,2.953,0.748
1689806536.215,-1.936,2.789,1.122
1689806536.215,-1.832,2.938,1.107
1689806536.215,-2.049,3.208,1.338
1689806536.263,-2.243,2.991,1.054
1689806536.263,-2.303,3.006,0.867
1689806536.263,-1.824,3.252,0.972
1689806536.319,-1.421,3.522,1.219
1689806536.319,-1.735,3.596,0.979
1689806536.319,-1.907,3.537,0.531
1689806536.379,-1.936,4.060,0.897
1689806536.379,-1.779,4.688,1.660
1689806536.379,-1.809,4.965,1.660
1689806536.445,-2.049,4.763,1.787
1689806536.445,-2.348,4.314,1.361
1689806536.445,-1.929,3.731,1.226
1689806536.499,-1.540,3.335,1.279
1689806536.499,-1.316,3.193,1.181
1689806536.499,-1.331,3.320,1.196
1689806536.559,-1.092,3.230,1.450
1689806536.559,-1.271,2.811,1.608
1689806536.559,-1.787,2.363,1.211
1689806536.604,-1.951,2.333,1.361
1689806536.604,-1.929,2.527,1.039
1689806536.604,-1.832,2.894,1.054
1689806536.679,-1.974,3.148,1.092
1689806536.679,-2.086,3.200,0.621
1689806536.679,-2.079,2.871,0.419
1689806536.729,-2.288,2.976,0.456
1689806536.729,-2.183,3.208,0.546
1689806536.729,-2.265,2.901,0.718
1689806536.773,-2.236,2.684,1.151
1689806536.773,-1.899,2.460,1.114
1689806536.773,-1.727,2.348,1.331
1689806536.830,-2.221,2.647,1.264
1689806536.830,-2.288,2.632,1.443
1689806536.830,-2.094,3.058,1.839
1689806536.889,-1.443,3.297,1.630
1689806536.889,-1.869,3.245,0.987
1689806536.889,-2.520,3.753,0.852
1689806536.949,-2.602,4.232,1.122
1689806536.949,-2.452,4.733,1.256
1689806536.949,-2.535,4.591,1.264
1689806537.010,-2.789,4.105,1.047
1689806537.010,-3.125,3.462,0.890
1689806537.010,-2.968,3.103,1.054
1689806537.056,-2.393,2.482,0.927
1689806537.056,-1.981,2.295,0.830
1689806537.056,-2.123,2.340,1.136
1689806537.114,-1.892,1.996,1.406
1689806537.114,-1.862,1.951,1.196
1689806537.114,-2.183,0.000,1.062
1689806537.174,-2.654,1.735,0.733
1689806537.174,-2.714,1.772,0.852
1689806537.174,-2.617,2.011,0.538
1689806537.234,-3.013,2.617,0.045
1689806537.234,-3.103,2.871,0.007
1689806537.234,-2.976,2.737,-0.239
1689806537.285,-2.594,2.647,-0.150
1689806537.285,-2.475,2.557,0.037
1689806537.285,-2.288,2.669,0.217
1689806537.339,-2.340,2.557,0.411
1689806537.339,-1.974,2.565,0.351
1689806537.339,-1.675,2.729,0.606
1689806537.400,-1.899,2.849,1.062
1689806537.400,-2.026,3.088,1.069
1689806537.400,-2.183,3.170,1.279
1689806537.459,-1.645,2.751,1.533
1689806537.459,-1.712,2.654,1.578
1689806537.459,-2.243,2.632,1.196
1689806537.523,-2.280,2.856,1.166
1689806537.523,-1.959,3.589,1.525
1689806537.523,-2.064,3.925,1.899
1689806537.569,-2.475,3.813,1.944
1689806537.569,-2.542,3.163,1.682
1689806537.569,-2.026,2.542,1.301
1689806537.624,-1.802,2.348,1.159
1689806537.624,-2.056,2.288,1.122
1689806537.624,-2.303,2.520,0.920
1689806537.684,-2.086,2.894,0.935
1689806537.684,-1.959,2.894,0.800
1689806537.684,-2.221,2.737,0.800
1689806537.744,-2.236,2.430,0.486
1689806537.744,-2.206,2.998,0.628
1689806537.744,-2.056,3.469,0.292
1689806537.805,-2.505,3.970,0.546
1689806537.805,-2.512,3.843,0.449
1689806537.805,-2.609,3.686,0.456
1689806537.853,-2.408,3.581,0.344
1689806537.853,-2.744,3.492,0.516
1689806537.853,-2.849,3.193,0.695
1689806537.909,-2.968,3.013,1.099
1689806537.909,-2.280,2.639,1.039
1689806537.909,-1.981,2.542,1.084
1689806537.969,-2.251,2.639,0.987
1689806537.969,-2.452,2.497,0.815
1689806537.969,-2.258,2.527,0.793
1689806538.029,-1.690,2.639,0.695
1689806538.029,-1.540,2.759,0.396
1689806538.029,-2.161,2.737,0.292
1689806538.077,-2.415,3.327,0.606
1689806538.077,-2.064,4.090,1.069
1689806538.077,-1.839,4.426,1.054
1689806538.135,-2.213,4.471,1.331
1689806538.135,-2.041,3.828,1.406
1689806538.135,-2.019,3.155,1.705
1689806538.194,-1.720,2.998,1.817
1689806538.194,-1.361,3.080,1.368
1689806538.194,-1.600,3.036,1.510
1689806538.254,-1.705,3.080,1.578
1689806538.254,-1.630,3.028,1.510
1689806538.254,-1.794,2.692,1.301
1689806538.300,-1.727,2.415,0.994
1689806538.300,-2.153,2.422,0.935
1689806538.300,-2.123,2.684,0.897
1689806538.363,-2.527,3.200,0.703
1689806538.363,-2.378,3.350,0.142
1689806538.363,-2.430,3.327,0.247
1689806538.419,-2.116,3.155,0.591
1689806538.419,-1.884,3.088,0.464
1689806538.419,-1.944,3.140,0.389
1689806538.479,-2.221,3.335,0.576
1689806538.479,-1.630,3.327,0.733
1689806538.479,-1.383,3.245,0.778
1689806538.539,-1.570,3.507,0.882
1689806538.539,-2.168,3.469,1.107
1689806538.539,-2.101,3.776,1.376
1689806538.584,-2.183,3.836,1.570
1689806538.584,-1.981,3.656,1.308
1689806538.584,-2.340,3.656,1.226
1689806538.647,-2.198,3.858,1.151
1689806538.647,-1.772,4.217,1.204
1689806538.647,-1.615,4.157,1.413
1689806538.704,-2.370,4.030,1.406
1689806538.704,-2.796,3.514,1.361
1689806538.704,-2.108,2.811,1.234
1689806538.764,-1.862,2.669,1.331
1689806538.764,-1.974,2.617,1.338
1689806538.764,-2.198,2.632,0.815
1689806538.809,-2.108,2.677,0.860
1689806538.809,-2.310,2.729,1.226
1689806538.809,-2.019,2.355,0.942
1689806538.871,-2.123,2.176,0.800
1689806538.871,-2.056,2.699,0.583
1689806538.871,-2.318,3.245,0.778
1689806538.930,-2.385,3.671,0.120
1689806538.930,-2.535,3.791,0.037
1689806538.930,-2.370,3.581,0.142
1689806538.978,-2.236,3.537,0.142
1689806538.978,-1.989,3.611,0.097
1689806538.978,-2.011,3.544,0.224
1689806539.034,-2.146,3.208,0.426
1689806539.034,-1.877,3.499,0.920
1689806539.034,-1.794,3.342,0.987
1689806539.094,-1.944,3.335,1.129
1689806539.094,-2.079,3.051,0.897
1689806539.094,-2.198,3.163,1.271
1689806539.159,-1.742,2.931,1.256
1689806539.159,-1.809,2.617,1.249
1689806539.159,-1.899,2.557,0.994
1689806539.214,-1.473,2.624,0.965
1689806539.214,-1.376,3.529,1.151
1689806539.214,-1.361,3.753,1.286
1689806539.275,-1.510,3.574,1.510
1689806539.275,-1.989,3.305,1.555
1689806539.275,-1.907,2.968,1.391
1689806539.319,-1.570,2.729,1.510
1689806539.319,-1.398,2.587,1.323
1689806539.319,-1.436,2.841,1.107
1689806539.379,-1.361,2.916,1.114
1689806539.379,-1.428,2.497,1.293
1689806539.379,-1.630,1.959,1.174
1689806539.444,-1.817,2.116,0.875
1689806539.444,-1.832,2.542,1.196
1689806539.444,-1.847,2.669,0.965
1689806539.488,-2.280,2.983,0.486
1689806539.488,-2.849,3.103,-0.239
1689806539.488,-2.512,3.051,-0.292
1689806539.544,-1.981,3.237,-0.037
1689806539.544,-1.622,3.140,-0.419
1689806539.544,-1.847,3.021,-0.449
1689806539.604,-1.944,3.088,-0.344
1689806539.604,-1.974,3.223,-0.030
1689806539.604,-1.869,3.252,0.366
1689806539.665,-2.191,3.200,0.217
1689806539.665,-2.363,2.811,0.299
1689806539.665,-2.400,2.849,0.703
1689806539.728,-2.408,3.215,1.406
1689806539.728,-2.064,3.417,1.383
1689806539.728,-2.221,3.432,1.002
1689806539.773,-1.809,3.948,0.830
1689806539.773,-1.376,4.680,1.099
1689806539.773,-1.293,4.882,1.413
1689806539.833,-1.742,4.695,1.615
1689806539.833,-2.161,4.075,1.645
1689806539.833,-2.123,3.088,1.495
1689806539.889,-1.989,2.385,1.862
1689806539.889,-1.817,1.959,2.251
1689806539.889,-1.779,1.929,2.662
1689806539.949,-1.675,2.131,2.781
1689806539.949,-1.630,1.877,2.647
1689806539.949,-2.138,1.817,2.168
1689806540.010,-2.408,1.779,2.265
1689806540.010,-2.415,2.221,1.899
1689806540.010,-2.617,2.968,1.114
1689806540.055,-2.654,3.342,0.314
1689806540.055,-2.617,3.380,0.052
1689806540.055,-2.669,3.738,0.090
1689806540.114,-2.550,3.836,-0.067
1689806540.114,-2.482,3.619,-0.067
1689806540.114,-2.527,3.365,0.172
1689806540.174,-2.363,3.088,0.568
1689806540.174,-2.325,3.163,1.436
1689806540.174,-2.295,3.140,1.705
1689806540.234,-2.819,2.946,1.398
1689806540.234,-2.796,2.841,1.465
1689806540.234,-1.735,2.834,1.286
1689806540.284,-1.981,3.058,1.353
1689806540.284,-3.058,2.976,0.763
1689806540.284,-3.290,3.148,0.351
1689806540.340,-2.624,3.888,0.389
1689806540.340,-2.520,4.202,0.344
1689806540.340,-2.834,3.918,0.374
1689806540.399,-3.088,3.133,0.247
1689806540.399,-2.766,2.535,0.307
1689806540.399,-2.565,2.183,0.112
1689806540.459,-2.034,1.899,0.254
1689806540.459,-1.944,1.779,0.217
1689806540.459,-1.914,1.720,0.307
1689806540.519,-2.108,1.757,0.950
1689806540.519,-2.295,1.794,0.965
1689806540.519,-2.759,1.757,0.845
1689806540.569,-2.639,1.705,0.770
1689806540.569,-2.355,2.138,0.852
1689806540.569,-2.206,2.744,0.628
1689806540.624,-2.236,3.125,0.725
1689806540.624,-2.460,3.148,0.359
1689806540.624,-2.452,3.021,0.284
1689806540.684,-2.071,2.961,0.434
1689806540.684,-1.817,3.193,0.763
1689806540.684,-1.480,3.051,0.867
1689806540.744,-1.720,2.991,1.107
1689806540.744,-1.675,3.110,1.495
1689806540.744,-1.922,3.058,1.757
1689806540.805,-2.123,3.185,1.480
1689806540.805,-2.034,3.155,1.593
1689806540.805,-1.772,3.237,1.570
1689806540.868,-1.712,3.365,1.204
1689806540.868,-2.348,3.402,0.778
1689806540.868,-2.176,3.813,0.650
1689806540.909,-1.750,4.464,0.905
1689806540.909,-1.712,4.793,0.927
1689806540.909,-2.041,4.583,0.905
1689806540.969,-2.527,4.194,1.054
1689806540.969,-2.333,3.746,1.615
1689806540.969,-2.041,3.350,1.398
1689806541.014,-1.966,3.260,1.338
1689806541.014,-2.019,3.305,1.249
1689806541.014,-1.817,3.230,1.032
1689806541.080,-1.832,2.677,0.807
1689806541.080,-2.176,2.422,0.845
1689806541.080,-2.265,2.355,0.299
1689806541.135,-2.400,2.654,0.262
1689806541.135,-2.467,3.043,0.322
1689806541.135,-2.520,3.215,0.022
1689806541.194,-2.692,3.237,-0.292
1689806541.194,-2.617,3.051,-0.344
1689806541.194,-2.512,2.931,0.037
1689806541.254,-2.273,2.370,0.045
1689806541.254,-2.460,2.445,0.209
1689806541.254,-2.131,2.318,0.247
1689806541.299,-1.832,2.011,0.374
1689806541.299,-1.824,2.116,0.755
1689806541.299,-1.974,2.258,0.680
1689806541.363,-2.056,2.370,0.665
1689806541.363,-2.079,2.490,1.047
1689806541.363,-1.832,2.579,1.331
1689806541.419,-1.578,2.565,1.129
1689806541.419,-2.026,2.684,0.636
1689806541.419,-2.064,3.394,0.598
1689806541.479,-1.981,4.344,1.009
1689806541.479,-1.727,4.591,0.957
1689806541.479,-1.727,4.314,0.583
1689806541.524,-1.480,3.783,0.613
1689806541.524,-1.107,3.409,0.875
1689806541.524,-0.860,2.849,1.331
1689806541.584,-1.129,2.550,1.608
1689806541.584,-1.518,2.669,2.034
1689806541.584,-1.944,2.759,2.475
1689806541.647,-1.869,2.221,2.542
1689806541.647,-2.183,1.847,2.460
1689806541.647,-2.482,1.951,1.839
1689806541.709,-2.191,2.161,1.256
1689806541.709,-2.176,2.475,0.366
1689806541.709,-2.482,2.938,-0.322
1689806541.749,-2.587,3.080,-1.032
1689806541.749,-2.460,3.200,-0.867
1689806541.749,-2.131,2.886,-0.636
1689806541.809,-2.101,3.058,-0.269
1689806541.809,-2.116,3.080,0.105
1689806541.809,-2.101,3.021,0.434
1689806541.884,-1.996,3.013,1.159
1689806541.884,-1.959,3.260,1.600
1689806541.884,-2.602,3.365,1.555
1689806541.930,-2.744,3.619,1.316
1689806541.930,-2.677,3.918,0.920
1689806541.930,-2.086,4.090,1.226
1689806541.990,-1.750,3.970,0.822
1689806541.990,-2.221,3.895,0.299
1689806541.990,-2.153,4.097,0.217
1689806542.034,-1.824,4.194,0.673
1689806542.034,-1.974,4.374,1.196
1689806542.034,-2.318,4.015,1.271
1689806542.094,-2.355,3.432,1.450
1689806542.094,-1.959,2.707,1.406
1689806542.094,-1.652,2.542,1.308
1689806542.160,-1.585,2.819,1.346
1689806542.160,-1.518,2.968,0.927
1689806542.160,-1.480,2.908,0.718
1689806542.203,-1.383,2.819,0.897
1689806542.203,-1.877,2.415,0.718
1689806542.203,-2.161,2.131,0.658
1689806542.260,-2.108,2.393,0.621
1689806542.260,-1.690,2.632,0.763
1689806542.260,-2.108,3.088,0.710
1689806542.319,-2.594,3.365,0.568
1689806542.319,-2.310,3.342,0.636
1689806542.319,-2.146,3.634,0.531
1689806542.379,-2.041,3.402,0.389
1689806542.379,-2.221,3.305,0.456
1689806542.379,-2.116,3.125,0.232
1689806542.444,-2.011,2.991,0.695
1689806542.444,-1.450,3.080,1.174
1689806542.444,-1.772,2.901,1.406
1689806542.487,-2.131,2.692,1.129
1689806542.487,-2.251,2.669,1.024
1689806542.487,-1.809,3.335,1.458
1689806542.544,-1.510,3.380,1.286
1689806542.544,-1.884,3.424,0.920
1689806542.544,-2.108,3.619,0.441
1689806542.604,-1.877,4.389,0.867
1689806542.604,-2.056,4.950,1.032
1689806542.604,-1.936,4.651,1.166
1689806542.664,-2.079,4.194,1.234
1689806542.664,-2.265,3.372,1.421
1689806542.664,-2.206,3.297,1.682
1689806542.728,-2.026,3.006,1.817
1689806542.728,-2.034,3.058,1.563
1689806542.728,-1.869,2.841,1.376
1689806542.772,-1.264,2.834,1.705
1689806542.772,-1.533,2.445,1.809
1689806542.772,-1.936,2.288,1.204
1689806542.829,-1.862,2.460,0.905
1689806542.829,-1.705,2.819,0.897
1689806542.829,-2.049,3.170,0.366
1689806542.889,-2.295,3.080,0.135
1689806542.889,-2.258,3.073,-0.292
1689806542.889,-2.213,3.260,-0.359
1689806542.949,-2.288,3.252,-0.150
1689806542.949,-2.295,3.320,0.142
1689806542.949,-2.221,3.043,0.150
1689806543.011,-1.682,3.028,0.606
1689806543.011,-1.615,3.297,1.271
1689806543.011,-1.757,3.447,1.570
1689806543.070,-1.944,3.223,1.443
1689806543.070,-1.839,3.155,1.510
1689806543.070,-1.630,3.365,1.847
1689806543.114,-1.473,3.215,1.779
1689806543.114,-1.802,3.380,1.503
1689806543.114,-1.630,3.716,1.391
1689806543.174,-1.787,4.247,1.555
1689806543.174,-2.108,4.763,1.495
1689806543.174,-2.639,4.322,1.645
1689806543.234,-2.871,3.873,1.376
1689806543.234,-2.894,3.297,1.323
1689806543.234,-2.355,2.879,0.950
1689806543.284,-2.273,2.699,0.882
1689806543.284,-2.467,2.587,0.965
1689806543.284,-2.385,2.437,1.107
1689806543.339,-2.325,2.273,1.099
1689806543.339,-2.355,1.929,1.279
1689806543.339,-2.647,1.839,1.151
1689806543.399,-2.707,2.094,1.226
1689806543.399,-2.744,2.221,0.897
1689806543.399,-3.043,2.602,0.329
1689806543.459,-3.417,2.826,0.007
1689806543.459,-3.514,2.826,0.120
1689806543.459,-3.282,2.729,-0.090
1689806543.504,-3.080,2.826,-0.045
1689806543.504,-3.170,2.692,-0.269
1689806543.504,-3.387,2.639,0.292
1689806543.569,-3.103,2.587,0.404
1689806543.569,-2.908,2.295,0.359
1689806543.569,-2.348,2.116,0.381
1689806543.624,-2.774,2.079,-0.075
1689806543.624,-2.714,2.101,0.254
1689806543.624,-2.086,2.243,0.523
1689806543.684,-2.123,2.505,0.778
1689806543.684,-2.437,2.542,0.748
1689806543.684,-2.490,2.953,1.002
1689806543.729,-2.108,3.836,1.391
1689806543.729,-1.899,4.269,1.376
1689806543.729,-2.452,4.404,1.839
1689806543.789,-2.512,3.843,1.794
1689806543.789,-2.370,3.178,1.622
1689806543.789,-1.862,2.737,1.563
1689806543.853,-1.645,2.737,1.286
1689806543.853,-1.563,2.684,1.376
1689806543.853,-1.667,2.856,1.682
1689806543.909,-1.548,2.864,1.660
1689806543.909,-1.899,2.594,1.510
1689806543.909,-2.236,2.542,1.473
1689806543.969,-2.251,2.654,1.308
1689806543.969,-2.056,2.894,0.972
1689806543.969,-2.303,3.350,0.591
1689806544.014,-2.572,3.484,0.591
1689806544.014,-2.280,3.604,0.456
1689806544.014,-2.011,3.589,0.090
1689806544.077,-1.705,3.522,0.389
1689806544.077,-1.630,3.312,0.336
1689806544.077,-2.041,3.021,0.665
1689806544.139,-1.966,2.983,1.009
1689806544.139,-2.049,3.267,1.712
1689806544.139,-1.884,3.080,1.241
1689806544.194,-2.221,3.342,1.488
1689806544.194,-2.408,3.761,1.742
1689806544.194,-1.989,3.723,1.436
1689806544.239,-1.892,3.581,1.256
1689806544.239,-2.198,3.581,0.613
1689806544.239,-2.363,3.843,0.785
1689806544.299,-2.280,4.404,1.039
1689806544.299,-1.794,4.456,0.710
1689806544.299,-2.213,4.194,0.456
1689806544.362,-2.176,3.394,0.374
1689806544.362,-2.079,2.587,0.965
1689806544.362,-2.034,2.378,1.301
1689806544.420,-1.645,1.989,1.122
1689806544.420,-1.974,2.258,1.062
1689806544.420,-1.854,2.378,0.987
1689806544.479,-1.929,2.422,1.114
1689806544.479,-1.996,2.437,0.942
1689806544.479,-2.213,2.273,0.710
1689806544.524,-1.892,2.520,0.396
1689806544.524,-2.288,2.968,0.329
1689806544.524,-2.535,3.409,0.232
1689806544.599,-2.684,3.566,-0.022
1689806544.599,-2.370,3.619,0.097
1689806544.599,-2.333,3.372,0.239
1689806544.647,-1.884,3.155,0.710
1689806544.647,-2.064,2.991,0.583
1689806544.647,-1.750,2.796,0.658
1689806544.705,-1.824,2.856,0.837
1689806544.705,-1.839,2.804,0.837
1689806544.705,-1.877,3.006,1.181
1689806544.749,-1.951,3.043,0.740
1689806544.749,-1.892,3.036,0.314
1689806544.749,-2.011,3.469,-0.097
1689806544.809,-1.518,3.290,-0.389
1689806544.809,-1.929,3.252,-0.523
1689806544.809,-1.899,3.656,-0.426
1689806544.869,-1.742,3.880,0.037
1689806544.869,-1.563,3.955,0.875
1689806544.869,-1.757,3.798,1.398
1689806544.959,-2.108,3.454,1.839
1689806544.959,-2.228,2.766,2.101
1689806544.959,-1.974,2.213,2.131
1689806544.977,-1.675,1.914,2.116
1689806544.977,-1.996,2.004,1.779
1689806544.977,-2.034,1.996,1.077
1689806545.034,-1.727,2.123,0.815
1689806545.034,-1.750,1.996,0.508
1689806545.034,-2.161,1.742,0.329
1689806545.094,-2.071,1.742,0.105
1689806545.094,-1.974,2.019,0.052
1689806545.094,-1.936,2.819,0.157
1689806545.154,-2.228,3.163,0.441
1689806545.154,-2.318,3.036,0.695
1689806545.154,-2.475,3.148,0.852
1689806545.203,-2.258,2.938,1.241
1689806545.203,-2.056,2.819,1.122
1689806545.203,-2.004,2.886,0.942
1689806545.260,-1.899,2.811,0.965
1689806545.260,-1.862,2.968,0.979
1689806545.260,-1.712,3.230,1.376
1689806545.319,-1.757,3.387,1.264
1689806545.319,-1.996,3.230,1.234
1689806545.319,-2.198,3.223,1.353
1689806545.379,-1.892,3.088,1.510
1689806545.379,-1.750,2.991,1.503
1689806545.379,-2.198,2.729,1.308
1689806545.444,-2.101,2.684,1.226
1689806545.444,-1.750,3.305,1.092
1689806545.444,-1.697,3.761,1.241
1689806545.487,-1.974,3.873,1.555
1689806545.487,-2.273,3.477,1.630
1689806545.487,-2.370,3.230,1.892
1689806545.544,-2.101,3.058,1.951
1689806545.544,-1.757,2.834,2.176
1689806545.544,-2.094,2.587,2.183
1689806545.604,-2.079,2.325,2.318
1689806545.604,-2.153,2.146,2.983
1689806545.604,-2.759,2.370,2.983
1689806545.664,-3.215,3.148,2.722
1689806545.664,-3.492,4.194,2.333
1689806545.664,-3.955,5.092,2.452
1689806545.727,-4.224,5.443,2.475
1689806545.727,-4.538,5.219,2.355
1689806545.727,-4.748,4.823,2.983
1689806545.772,-4.224,4.464,3.267
1689806545.772,-3.566,4.060,3.305
1689806545.772,-3.006,4.254,3.103
1689806545.829,-2.617,4.217,2.527
1689806545.829,-2.265,4.666,1.824
1689806545.829,-1.465,4.763,1.234
1689806545.889,-1.234,5.009,0.344
1689806545.889,-1.757,4.748,-0.426
1689806545.889,-1.899,4.755,-0.576
1689806545.949,-1.824,4.912,-0.434
1689806545.949,-1.959,4.950,-0.284
1689806545.949,-2.654,4.867,0.097
1689806546.014,-3.043,4.972,0.501
1689806546.014,-2.759,5.406,1.189
1689806546.014,-2.542,5.638,1.660
1689806546.070,-2.333,5.772,1.742
1689806546.070,-2.041,5.189,1.929
1689806546.070,-1.817,4.516,2.079
1689806546.114,-1.398,3.806,2.138
1689806546.114,-0.785,3.252,2.348
1689806546.114,-0.748,3.170,2.251
1689806546.174,-0.508,2.946,2.348
1689806546.174,-0.755,2.923,2.789
1689806546.174,-1.241,2.804,2.684
1689806546.219,-1.465,2.550,2.086
1689806546.219,-1.750,2.609,1.839
1689806546.219,-1.802,3.223,1.189
1689806546.284,-1.660,3.522,0.755
1689806546.284,-2.265,3.836,0.284
1689806546.284,-2.505,3.671,-0.120
1689806546.339,-2.445,3.402,-0.269
1689806546.339,-2.265,3.350,-0.591
1689806546.339,-2.520,3.320,-0.591
1689806546.399,-2.422,3.006,-0.553
1689806546.399,-2.004,2.722,-0.179
1689806546.399,-1.787,2.886,-0.112
1689806546.444,-1.682,2.744,-0.127
1689806546.444,-1.824,2.819,-0.112
1689806546.444,-1.540,2.789,-0.120
1689806546.504,-1.308,3.305,0.606
1689806546.504,-1.473,3.297,0.546
1689806546.504,-2.198,3.477,0.441
1689806546.570,-1.907,3.537,0.344
1689806546.570,-1.996,4.060,1.054
1689806546.570,-1.735,4.381,1.346
1689806546.624,-2.034,4.157,1.862
1689806546.624,-2.594,3.955,1.712
1689806546.624,-2.482,3.394,1.682
1689806546.684,-2.079,2.654,1.488
1689806546.684,-2.131,1.907,1.129
1689806546.684,-2.064,1.652,0.822
1689806546.729,-1.817,1.503,0.822
1689806546.729,-1.966,1.054,0.583
1689806546.729,-2.363,0.546,0.254
1689806546.789,-2.819,0.292,0.030
1689806546.789,-2.744,-0.022,-0.344
1689806546.789,-2.722,0.239,-0.703
1689806546.852,-2.886,0.643,-1.069
1689806546.852,-3.223,0.867,-1.234
1689806546.852,-3.215,0.830,-1.219
1689806546.897,-2.998,0.553,-1.563
1689806546.897,-3.080,0.890,-1.630
1689806546.897,-3.163,1.077,-1.750
1689806546.959,-2.901,0.979,-1.914
1689806546.959,-2.729,1.174,-1.750
1689806546.959,-2.542,1.443,-1.495
1689806547.014,-2.602,1.645,-1.473
1689806547.014,-2.953,1.675,-1.122
1689806547.014,-3.095,1.555,-0.718
1689806547.074,-2.198,1.630,-0.202
1689806547.074,-2.355,2.026,-0.060
1689806547.074,-2.415,2.408,0.007
1689806547.139,-2.034,3.178,0.314
1689806547.139,-1.899,3.918,0.793
1689806547.139,-2.011,4.157,1.181
1689806547.197,-2.041,3.940,1.443
1689806547.197,-2.176,3.432,1.458
1689806547.197,-1.750,2.864,1.196
1689806547.239,-1.495,2.550,1.196
1689806547.239,-1.652,2.632,1.271
1689806547.239,-1.615,2.654,1.092
1689806547.299,-1.563,2.370,1.166
1689806547.299,-1.196,2.280,0.979
1689806547.299,-1.809,1.682,0.845
1689806547.359,-2.026,1.540,0.374
1689806547.359,-2.236,1.779,0.449
1689806547.359,-2.131,2.138,0.209
1689806547.421,-2.221,2.176,0.164
1689806547.421,-2.340,2.467,-0.060
1689806547.421,-1.914,2.467,0.000
1689806547.467,-1.974,2.624,0.441
1689806547.467,-1.802,2.497,0.314
1689806547.467,-1.488,2.333,0.493
1689806547.524,-1.241,2.647,0.516
1689806547.524,-1.660,3.223,0.957
1689806547.524,-1.578,3.223,0.979
1689806547.584,-2.168,3.028,1.540
1689806547.584,-2.251,3.110,1.779
1689806547.584,-1.996,3.036,2.026
1689806547.644,-1.832,3.021,2.071
1689806547.644,-1.959,3.402,1.705
1689806547.644,-2.183,3.686,1.174
1689806547.704,-2.116,4.037,0.882
1689806547.704,-2.071,4.583,0.830
1689806547.704,-2.340,4.643,0.381
1689806547.752,-2.490,4.284,0.344
1689806547.752,-2.647,3.738,0.284
1689806547.752,-2.415,3.484,0.105
1689806547.809,-2.370,3.223,0.127
1689806547.809,-2.445,3.252,0.142
1689806547.809,-2.744,3.462,0.688
1689806547.869,-1.802,3.118,0.882
1689806547.869,-2.161,2.886,0.882
1689806547.869,-2.512,2.654,0.710
1689806547.929,-2.609,3.178,0.665
1689806547.929,-2.460,3.477,0.845
1689806547.929,-2.288,4.052,0.606
1689806547.979,-2.221,4.209,0.493
1689806547.979,-2.497,4.060,0.650
1689806547.979,-2.123,3.611,0.643
1689806548.034,-2.191,3.738,0.800
1689806548.034,-1.914,3.641,0.576
1689806548.034,-1.989,3.342,0.867
1689806548.094,-1.578,3.095,1.062
1689806548.094,-1.608,3.021,0.950
1689806548.094,-2.019,3.155,0.957
1689806548.154,-2.221,3.208,0.890
1689806548.154,-2.004,3.544,1.047
1689806548.154,-2.056,3.537,1.361
1689806548.199,-2.146,3.357,0.703
1689806548.199,-2.370,3.634,0.307
1689806548.199,-1.944,3.731,0.269
1689806548.262,-1.421,3.806,0.665
1689806548.262,-1.682,4.052,0.987
1689806548.262,-2.325,3.858,1.458
1689806548.321,-2.363,3.335,1.720
1689806548.321,-2.094,2.819,1.981
1689806548.321,-1.690,2.475,2.131
1689806548.379,-1.338,2.408,2.019
1689806548.379,-1.712,2.452,2.161
1689806548.379,-1.548,2.422,1.981
1689806548.439,-1.234,2.430,1.735
1689806548.439,-1.488,2.064,1.241
1689806548.439,-1.570,2.071,0.950
1689806548.484,-1.944,2.535,0.800
1689806548.484,-2.340,3.275,0.351
1689806548.484,-2.647,3.454,-0.247
1689806548.546,-2.692,3.828,-0.508
1689806548.546,-2.497,3.664,-0.621
1689806548.546,-2.295,3.409,-0.755
1689806548.620,-2.265,3.484,-0.695
1689806548.620,-2.094,3.641,-0.785
1689806548.620,-2.228,3.604,-0.322
1689806548.665,-2.153,3.701,-0.052
1689806548.665,-2.236,3.574,0.194
1689806548.665,-2.505,3.671,0.381
1689806548.724,-2.363,3.551,0.419
1689806548.724,-1.974,3.664,0.740
1689806548.724,-1.563,3.828,1.406
1689806548.769,-1.735,3.776,0.927
1689806548.769,-1.794,4.097,0.979
1689806548.769,-1.794,4.523,1.279
1689806548.829,-1.675,4.808,1.959
1689806548.829,-1.720,4.553,2.221
1689806548.829,-2.228,4.194,2.019
1689806548.876,-2.191,3.761,1.720
1689806548.876,-2.258,3.671,1.705
1689806548.876,-1.802,3.634,1.465
1689806548.934,-1.443,3.985,1.234
1689806548.934,-1.346,3.783,1.032
1689806548.934,-1.159,3.529,0.837
1689806548.996,-1.279,3.103,0.815
1689806548.996,-1.720,2.737,0.897
1689806548.996,-1.578,2.609,0.927
1689806549.057,-1.645,2.923,1.181
1689806549.057,-1.637,3.185,1.286
1689806549.057,-1.981,3.297,1.069
1689806549.104,-2.505,3.260,1.032
1689806549.104,-2.378,3.230,0.815
1689806549.104,-2.161,3.275,0.703
1689806549.159,-1.981,3.402,0.598
1689806549.159,-1.944,3.252,0.807
1689806549.159,-1.249,2.901,1.047
1689806549.219,-1.129,2.879,1.226
1689806549.219,-1.705,2.535,1.383
1689806549.219,-2.064,2.258,1.682
1689806549.281,-1.338,2.393,1.922
1689806549.281,-1.241,2.609,2.280
1689806549.281,-1.936,2.692,2.161
1689806549.343,-2.273,2.871,1.757
1689806549.343,-2.168,3.604,1.697
1689806549.343,-2.026,4.366,2.011
1689806549.389,-2.198,4.808,1.667
1689806549.389,-2.535,4.464,1.323
1689806549.389,-2.744,3.723,0.950
1689806549.444,-2.998,3.028,0.755
1689806549.444,-2.445,2.894,0.763
1689806549.444,-2.295,2.692,0.822
1689806549.504,-2.236,2.445,0.793
1689806549.504,-2.587,2.370,0.935
1689806549.504,-2.968,2.071,0.897
1689806549.566,-3.432,1.637,0.793
1689806549.566,-2.938,1.555,0.464
1689806549.566,-2.452,1.847,0.217
1689806549.626,-2.452,2.004,0.150
1689806549.626,-2.908,2.138,-0.277
1689806549.626,-3.275,2.325,-0.374
1689806549.674,-3.118,2.303,0.067
1689806549.674,-2.864,2.482,-0.015
1689806549.674,-2.976,2.243,-0.052
1689806549.729,-2.662,2.393,0.209
1689806549.729,-2.295,2.280,0.359
1689806549.729,-2.273,2.325,0.486
1689806549.789,-2.542,2.258,0.770
1689806549.789,-2.737,2.243,0.464
1689806549.789,-2.572,2.639,0.763
1689806549.849,-2.004,2.310,0.994
1689806549.849,-1.951,2.221,0.576
1689806549.849,-2.594,2.594,0.426
1689806549.909,-2.460,3.200,0.546
1689806549.909,-1.966,3.731,0.957
1689806549.909,-2.056,3.791,1.204
1689806549.954,-2.101,3.312,1.129
1689806549.954,-2.348,3.163,1.480
1689806549.954,-2.049,2.692,1.488
1689806550.014,-1.510,2.251,1.540
1689806550.014,-1.458,2.176,1.443
1689806550.014,-1.652,2.221,1.428
1689806550.074,-1.107,2.183,1.600
1689806550.074,-1.226,2.258,1.750
1689806550.074,-1.787,1.944,1.742
1689806550.121,-2.071,1.787,1.211
1689806550.121,-2.079,2.206,1.002
1689806550.121,-2.011,3.058,0.636
1689806550.182,-2.333,3.634,0.493
1689806550.182,-2.363,3.537,-0.007
1689806550.182,-2.243,3.155,-0.164
1689806550.239,-2.064,3.095,0.105
1689806550.239,-1.959,2.946,0.658
1689806550.239,-1.839,2.572,0.800
1689806550.299,-1.877,2.400,1.107
1689806550.299,-1.779,2.400,1.279
1689806550.299,-2.138,2.572,1.234
1689806550.359,-2.348,2.654,1.017
1689806550.359,-2.602,2.751,0.800
1689806550.359,-1.892,2.819,0.479
1689806550.406,-1.757,2.722,0.194
1689806550.406,-2.019,2.684,-0.344
1689806550.406,-2.340,3.282,-0.209
1689806550.467,-2.422,4.120,0.082
1689806550.467,-2.482,4.523,0.262
1689806550.467,-2.191,4.553,0.434
1689806550.524,-2.198,4.023,0.531
1689806550.524,-2.071,3.439,0.748
1689806550.524,-2.041,2.804,0.830
1689806550.584,-2.131,2.908,1.174
1689806550.584,-2.034,2.894,1.316
1689806550.584,-1.802,2.826,1.047
1689806550.629,-1.712,2.796,1.570
1689806550.629,-2.004,2.714,1.249
1689806550.629,-1.974,2.370,0.733
1689806550.695,-2.034,2.572,0.516
1689806550.695,-1.922,2.796,0.411
1689806550.695,-1.959,2.991,0.239
1689806550.751,-2.452,3.043,0.105
1689806550.751,-2.729,3.148,0.479
1689806550.751,-2.460,3.036,0.695
1689806550.809,-2.056,2.737,0.606
1689806550.809,-2.228,3.051,0.972
1689806550.809,-2.393,2.542,0.733
1689806550.869,-2.258,2.310,1.054
1689806550.869,-1.951,2.422,0.927
1689806550.869,-1.779,2.602,0.800
1689806550.915,-2.138,2.699,0.733
1689806550.915,-2.213,2.722,0.905
1689806550.915,-1.652,2.983,1.062
1689806550.977,-2.011,3.282,1.226
1689806550.977,-2.415,3.417,0.778
1689806550.977,-2.064,3.806,0.568
1689806551.035,-1.951,4.262,0.710
1689806551.035,-2.041,4.778,1.174
1689806551.035,-2.422,4.553,1.189
1689806551.094,-2.729,4.307,1.196
1689806551.094,-2.408,3.746,1.450
1689806551.094,-1.824,3.335,1.383
1689806551.139,-1.832,3.282,1.279
1689806551.139,-2.131,3.013,1.211
1689806551.139,-1.989,2.946,1.174
1689806551.199,-1.854,2.677,0.994
1689806551.199,-2.213,2.512,0.912
1689806551.199,-2.385,2.408,0.845
1689806551.277,-2.049,2.490,0.389
1689806551.277,-1.936,2.789,0.164
1689806551.277,-2.654,3.178,0.329
1689806551.322,-2.804,3.327,0.277
1689806551.322,-2.789,3.297,0.284
1689806551.322,-2.079,2.916,0.142
1689806551.395,-1.989,2.774,0.179
1689806551.395,-2.393,2.901,0.598
1689806551.395,-2.243,2.609,0.329
1689806551.424,-1.869,2.497,0.441
1689806551.424,-1.757,2.565,1.054
1689806551.424,-1.615,2.879,1.234
1689806551.484,-2.041,3.058,1.226
1689806551.484,-1.951,3.073,1.458
1689806551.484,-1.996,3.170,1.645
1689806551.545,-1.675,2.901,1.959
1689806551.545,-1.682,2.983,1.720
1689806551.545,-1.951,3.350,1.450
1689806551.592,-1.824,3.806,1.383
1689806551.592,-1.802,4.157,1.189
1689806551.592,-2.153,4.568,1.398
1689806551.649,-2.265,3.903,1.099
1689806551.649,-2.168,3.237,1.084
1689806551.649,-1.817,2.751,0.987
1689806551.709,-2.243,2.804,1.166
1689806551.709,-2.191,2.482,1.264
1689806551.709,-1.772,2.751,1.495
1689806551.769,-1.413,2.744,1.787
1689806551.769,-1.548,2.505,1.712
1689806551.769,-2.168,2.310,1.293
1689806551.829,-1.966,2.587,1.159
1689806551.829,-1.750,2.961,0.785
1689806551.829,-1.996,3.282,0.292
1689806551.876,-2.542,3.462,0.097
1689806551.876,-2.759,3.335,-0.090
1689806551.876,-2.333,2.849,-0.434
1689806551.949,-2.101,2.565,-0.224
1689806551.949,-1.996,2.452,-0.030
1689806551.949,-1.974,2.363,0.150
1689806551.996,-2.116,2.393,0.434
1689806551.996,-2.138,2.340,0.688
1689806551.996,-2.310,2.236,0.927
1689806552.054,-2.161,2.273,0.718
1689806552.054,-2.064,2.437,0.508
1689806552.054,-1.966,2.535,0.852
1689806552.103,-1.473,2.714,1.301
1689806552.103,-1.436,2.737,1.622
1689806552.103,-1.794,2.923,1.450
1689806552.159,-2.004,3.447,1.540
1689806552.159,-1.772,3.948,1.622
1689806552.159,-1.862,4.359,2.108
1689806552.224,-2.363,4.516,2.116
1689806552.224,-2.445,3.948,2.041
1689806552.224,-2.064,3.469,1.286
1689806552.281,-1.682,3.252,1.114
1689806552.281,-1.279,3.282,0.800
1689806552.281,-1.450,3.566,0.905
1689806552.355,-1.525,3.611,1.293
1689806552.355,-1.503,3.305,1.518
1689806552.355,-1.578,2.811,1.316
1689806552.387,-1.533,2.437,1.361
1689806552.387,-1.854,2.968,1.488
1689806552.387,-1.503,3.088,1.136
1689806552.444,-2.183,3.454,1.107
1689806552.444,-2.280,3.454,0.845
1689806552.444,-2.437,3.544,0.621
1689806552.504,-2.116,3.439,0.860
1689806552.504,-1.944,3.282,0.994
1689806552.504,-2.198,3.439,1.077
1689806552.565,-2.228,3.125,0.942
1689806552.565,-2.146,3.327,0.927
1689806552.565,-1.854,3.200,0.770
1689806552.626,-1.951,3.028,1.062
1689806552.626,-2.108,2.961,1.039
1689806552.626,-2.295,3.237,1.151
1689806552.674,-2.071,3.335,1.271
1689806552.674,-1.869,2.991,0.845
1689806552.674,-2.273,2.961,0.695
1689806552.729,-2.497,2.871,0.583
1689806552.729,-2.579,3.589,1.196
1689806552.729,-2.437,3.559,1.750
1689806552.789,-2.699,3.312,1.458
1689806552.789,-2.811,2.617,1.099
1689806552.789,-2.916,2.206,1.189
1689806552.849,-2.482,1.802,1.107
1689806552.849,-1.966,1.637,0.785
1689806552.849,-2.108,1.682,0.800
1689806552.897,-2.198,1.548,0.636
1689806552.897,-2.168,1.518,0.538
1689806552.897,-2.654,1.802,0.493
1689806552.954,-2.894,1.735,0.381
1689806552.954,-2.766,2.056,0.426
1689806552.954,-2.684,2.340,0.172
1689806553.014,-3.275,2.804,-0.112
1689806553.014,-3.080,3.103,-0.359
1689806553.014,-3.223,3.006,-0.224
1689806553.074,-2.774,2.654,-0.194
1689806553.074,-2.385,2.759,-0.030
1689806553.074,-2.161,2.781,-0.142
1689806553.121,-2.183,2.654,0.000
1689806553.121,-2.213,2.542,0.710
1689806553.121,-1.981,2.759,1.144
1689806553.183,-1.936,3.006,1.346
1689806553.183,-2.026,2.751,1.428
1689806553.183,-1.974,2.572,1.338
1689806553.239,-1.697,2.587,1.503
1689806553.239,-1.450,2.527,1.585
1689806553.239,-1.809,2.609,1.383
1689806553.299,-2.153,2.931,1.181
1689806553.299,-1.951,3.738,1.450
1689806553.299,-2.153,4.523,1.690
1689806553.359,-2.310,4.636,1.436
1689806553.359,-2.265,4.172,0.867
1689806553.359,-2.034,3.664,0.688
1689806553.406,-1.862,3.462,0.957
1689806553.406,-1.735,2.998,0.800
1689806553.406,-1.832,2.594,0.875
1689806553.482,-1.936,2.505,1.211
1689806553.482,-1.540,2.475,1.555
1689806553.482,-2.116,2.520,1.757
1689806553.524,-2.325,2.228,1.503
1689806553.524,-2.527,2.213,1.241
1689806553.524,-2.116,2.587,1.107
1689806553.584,-1.854,3.006,0.905
1689806553.584,-2.183,3.252,0.553
1689806553.584,-2.647,3.380,0.269
1689806553.629,-2.363,3.320,0.239
1689806553.629,-2.101,3.320,0.673
1689806553.629,-2.146,3.237,0.718
1689806553.706,-1.996,3.118,0.523
1689806553.706,-1.899,3.088,0.718
1689806553.706,-2.041,3.208,0.867
1689806553.752,-2.355,3.424,1.069
1689806553.752,-2.632,3.484,0.793
1689806553.752,-2.437,3.462,0.912
1689806553.799,-1.667,3.529,1.129
1689806553.799,-1.391,3.200,1.144
1689806553.799,-1.981,3.185,0.800
1689806553.869,-2.452,3.252,0.336
1689806553.869,-2.490,3.671,0.366
1689806553.869,-2.041,4.194,1.002
1689806553.944,-1.802,4.187,0.912
1689806553.944,-2.236,3.596,0.845
1689806553.944,-2.617,3.065,1.017
1689806554.006,-2.280,2.804,1.211
1689806554.006,-2.101,2.684,1.465
1689806554.006,-1.832,2.871,1.473
1689806554.036,-1.742,3.103,1.279
1689806554.036,-1.712,3.028,1.279
1689806554.036,-1.824,2.707,1.331
1689806554.083,-2.176,2.437,1.234
1689806554.083,-2.228,2.617,0.935
1689806554.083,-2.086,2.953,0.815
1689806554.140,-1.966,3.320,0.172
1689806554.140,-2.236,3.469,-0.254
1689806554.140,-2.744,3.499,0.142
1689806554.199,-2.400,3.312,0.449
1689806554.199,-2.146,3.028,0.501
1689806554.199,-1.892,2.901,0.613
1689806554.262,-1.951,2.923,0.807
1689806554.262,-2.123,2.968,0.912
1689806554.262,-2.206,2.729,1.293
1689806554.308,-2.071,2.467,1.196
1689806554.308,-2.019,2.692,1.009
1689806554.308,-2.348,2.834,1.122
1689806554.364,-2.236,3.065,1.039
1689806554.364,-1.824,3.305,1.107
1689806554.364,-1.667,3.170,0.950
1689806554.424,-1.981,3.350,0.464
1689806554.424,-2.094,4.097,0.598
1689806554.424,-1.540,4.426,0.254
1689806554.499,-1.779,4.673,0.389
1689806554.499,-2.355,4.643,0.359
1689806554.499,-2.766,4.000,0.329
1689806554.575,-2.572,3.230,0.508
1689806554.575,-1.929,2.587,0.920
1689806554.575,-1.787,2.774,1.757
1689806554.591,-1.832,2.744,1.809
1689806554.591,-1.922,2.602,1.832
1689806554.591,-1.667,2.520,2.251
1689806554.664,-1.637,2.079,1.922
1689806554.664,-1.697,1.944,1.877
1689806554.664,-1.727,2.213,1.510
1689806554.739,-1.690,2.617,1.084
1689806554.739,-1.877,3.028,0.538
1689806554.739,-2.437,3.432,0.105
1689806554.769,-2.565,3.409,-0.172
1689806554.769,-2.482,3.447,-0.486
1689806554.769,-2.565,3.551,-0.441
1689806554.829,-2.737,3.566,-0.179
1689806554.829,-2.101,3.402,-0.239
1689806554.829,-2.101,3.439,0.359
1689806554.875,-1.794,3.447,0.546
1689806554.875,-1.996,3.462,0.778
1689806554.875,-2.183,3.574,1.211
1689806554.934,-2.056,3.477,1.637
1689806554.934,-1.735,3.641,2.019
1689806554.934,-1.353,3.537,2.198
1689806554.994,-1.720,3.387,1.630
1689806554.994,-2.056,3.723,1.458
1689806554.994,-1.772,4.329,1.166
1689806555.054,-1.765,4.897,1.368
1689806555.054,-1.824,5.062,1.151
1689806555.054,-2.280,4.800,1.122
1689806555.102,-2.340,4.262,1.092
1689806555.102,-2.265,3.843,1.032
1689806555.102,-2.011,3.806,1.151
1689806555.159,-1.540,3.858,1.181
1689806555.159,-1.398,3.656,1.151
1689806555.159,-1.301,3.260,1.346
1689806555.219,-1.428,3.006,1.338
1689806555.219,-1.757,2.587,0.994
1689806555.219,-1.862,2.340,0.867
1689806555.279,-1.652,2.579,0.837
1689806555.279,-1.652,3.051,0.643
1689806555.279,-1.974,2.953,0.389
1689806555.339,-2.325,2.602,0.075
1689806555.339,-2.206,2.632,0.157
1689806555.339,-1.735,2.557,0.217
1689806555.387,-1.989,2.714,0.508
1689806555.387,-2.011,2.587,0.479
1689806555.387,-1.413,2.729,0.561
1689806555.444,-1.615,2.961,0.531
1689806555.444,-1.675,3.133,0.553
1689806555.444,-2.011,2.796,0.232
1689806555.504,-2.004,2.692,0.120
1689806555.504,-1.540,2.871,0.591
1689806555.504,-1.301,2.953,1.002
1689806555.579,-1.652,2.804,1.301
1689806555.579,-2.004,3.043,1.847
1689806555.579,-1.877,3.537,2.482
1689806555.626,-2.026,3.753,2.923
1689806555.626,-2.086,3.783,2.722
1689806555.626,-2.116,3.387,2.273
1689806555.670,-1.974,2.983,1.892
1689806555.670,-1.615,2.759,1.293
1689806555.670,-1.264,2.370,0.807
1689806555.729,-1.443,2.138,0.740
1689806555.729,-1.413,2.026,1.226
1689806555.729,-1.578,1.989,1.107
1689806555.804,-1.951,1.779,1.331
1689806555.804,-2.236,1.847,1.151
1689806555.804,-2.243,2.288,1.077
1689806555.836,-2.363,2.714,0.755
1689806555.836,-2.594,3.282,0.643
1689806555.836,-2.699,3.432,0.351
1689806555.897,-2.647,3.245,-0.179
1689806555.897,-2.333,3.424,-0.209
1689806555.897,-2.280,3.282,-0.209
1689806555.954,-2.542,3.140,0.097
1689806555.954,-2.677,3.223,0.523
1689806555.954,-2.168,2.647,0.710
1689806556.014,-2.206,2.542,1.054
1689806556.014,-2.385,2.490,1.226
1689806556.014,-2.565,2.393,1.271
1689806556.074,-2.378,2.445,1.503
1689806556.074,-2.168,2.408,1.675
1689806556.074,-2.430,2.587,1.271
1689806556.121,-2.677,3.058,0.965
1689806556.121,-2.550,3.409,0.516
1689806556.121,-2.834,4.389,0.815
1689806556.182,-2.908,4.808,0.688
1689806556.182,-3.133,4.366,0.628
1689806556.182,-2.991,3.424,0.381
1689806556.239,-2.953,2.699,0.351
1689806556.239,-2.579,2.520,0.628
1689806556.239,-2.460,2.153,0.426
1689806556.299,-2.049,2.049,0.568
1689806556.299,-1.660,2.056,0.778
1689806556.299,-1.794,1.772,1.047
1689806556.344,-2.116,1.712,0.927
1689806556.344,-2.280,1.578,0.628
1689806556.344,-2.108,1.951,0.822
1689806556.406,-2.094,2.071,0.703
1689806556.406,-2.086,2.288,0.224
1689806556.406,-2.415,2.609,0.232
1689806556.467,-2.617,2.849,0.419
1689806556.467,-2.273,2.647,0.740
1689806556.467,-2.243,2.751,0.755
1689806556.512,-2.049,2.677,0.793
1689806556.512,-2.034,2.662,1.136
1689806556.512,-1.824,2.490,1.189
1689806556.584,-1.518,2.497,1.443
1689806556.584,-2.086,2.647,1.271
1689806556.584,-1.869,2.759,1.361
1689806556.629,-1.884,2.976,1.794
1689806556.629,-2.019,3.155,1.533
1689806556.629,-2.026,3.155,0.994
1689806556.691,-2.019,3.537,1.129
1689806556.691,-2.026,4.112,1.114
1689806556.691,-1.720,4.299,0.912
1689806556.750,-2.123,4.538,0.867
1689806556.750,-2.340,4.217,0.867
1689806556.750,-2.049,3.649,1.226
1689806556.795,-1.817,3.514,1.196
1689806556.795,-1.765,3.215,1.032
1689806556.795,-1.690,3.118,0.650
1689806556.854,-2.243,3.215,0.920
1689806556.854,-1.959,2.826,1.181
1689806556.854,-2.004,2.579,0.935
1689806556.914,-2.064,2.340,0.785
1689806556.914,-2.131,2.751,0.613
1689806556.914,-2.116,3.088,0.449
1689806556.974,-2.415,3.641,0.426
1689806556.974,-2.303,3.559,-0.045
1689806556.974,-2.445,3.327,-0.501
1689806557.022,-2.624,3.342,-0.052
1689806557.022,-2.355,3.058,-0.202
1689806557.022,-2.034,2.961,0.127
1689806557.079,-2.213,2.916,0.411
1689806557.079,-2.168,2.692,0.807
1689806557.079,-1.847,2.684,1.406
1689806557.139,-1.922,2.520,1.293
1689806557.139,-2.236,2.520,1.144
1689806557.139,-1.862,2.722,1.211
1689806557.199,-1.884,2.908,1.383
1689806557.199,-2.019,3.335,1.181
1689806557.199,-2.265,3.679,0.680
1689806557.262,-1.779,3.858,0.381
1689806557.262,-1.832,4.292,0.411
1689806557.262,-1.794,4.441,0.650
1689806557.307,-2.333,4.224,0.680
1689806557.307,-2.168,3.551,0.763
1689806557.307,-1.742,3.185,1.009
1689806557.364,-1.555,3.021,1.450
1689806557.364,-1.503,2.796,1.383
1689806557.364,-1.675,2.781,1.054
1689806557.424,-1.518,2.849,1.226
1689806557.424,-1.645,2.512,1.450
1689806557.424,-1.884,0.000,1.383
1689806557.484,-1.892,1.877,1.039
1689806557.484,-1.750,2.168,1.264
1689806557.484,-1.645,2.632,1.009
1689806557.546,-2.086,2.886,0.860
1689806557.546,-2.183,3.110,0.329
1689806557.546,-2.236,2.781,-0.075
1689806557.592,-2.213,2.946,-0.150
1689806557.592,-2.071,2.871,-0.015
1689806557.592,-2.146,2.751,-0.037
1689806557.649,-2.191,2.819,0.553
1689806557.649,-2.191,2.946,0.987
1689806557.649,-2.004,2.968,1.308
1689806557.709,-2.415,2.864,1.316
1689806557.709,-2.422,2.819,1.234
1689806557.709,-2.086,3.252,1.421
1689806557.769,-1.839,3.327,1.608
1689806557.769,-1.667,3.402,0.920
1689806557.769,-2.101,3.686,0.531
1689806557.833,-2.049,4.127,0.538
1689806557.833,-1.510,4.598,0.897
1689806557.833,-1.862,4.755,1.473
1689806557.890,-2.056,4.299,1.054
1689806557.890,-2.273,3.701,1.256
1689806557.890,-2.146,3.193,1.443
1689806557.934,-1.966,2.781,1.540
1689806557.934,-1.645,2.789,1.316
1689806557.934,-1.488,2.774,0.770
1689806558.009,-1.234,2.774,0.576
1689806558.009,-1.907,2.542,0.449
1689806558.009,-2.310,1.981,0.381
1689806558.039,-2.400,2.243,0.090
1689806558.039,-2.138,2.908,0.105
1689806558.039,-2.191,3.537,-0.060
1689806558.102,-2.587,3.851,-0.718
1689806558.102,-2.714,4.008,-0.748
1689806558.102,-2.624,3.723,-0.710
1689806558.159,-2.198,3.544,-0.740
1689806558.159,-2.086,3.409,-0.703
1689806558.159,-2.303,3.215,-0.464
1689806558.219,-2.123,3.208,0.067
1689806558.219,-1.720,3.208,0.621
1689806558.219,-1.705,2.998,1.017
1689806558.279,-2.325,2.871,1.391
1689806558.279,-2.041,2.856,1.503
1689806558.279,-1.854,2.961,1.922
1689806558.339,-1.338,3.215,1.907
1689806558.339,-1.787,3.223,1.316
1689806558.339,-2.333,3.110,1.054
1689806558.387,-2.056,3.708,0.912
1689806558.387,-1.772,4.516,1.264
1689806558.387,-1.690,4.793,1.525
1689806558.446,-2.161,4.471,1.406
1689806558.446,-2.176,4.097,1.234
1689806558.446,-2.146,3.634,1.174
1689806558.504,-1.869,3.484,1.256
1689806558.504,-1.465,3.574,1.084
1689806558.504,-1.555,3.529,1.271
1689806558.549,-1.084,3.036,1.578
1689806558.549,-1.495,2.908,1.802
1689806558.549,-1.622,2.707,1.817
1689806558.609,-1.809,2.677,1.637
1689806558.609,-1.495,3.125,1.465
1689806558.609,-1.600,3.424,1.473
1689806558.670,-1.809,3.522,0.987
1689806558.670,-2.086,3.372,0.650
1689806558.670,-1.877,3.372,0.419
1689806558.729,-1.675,3.335,0.419
1689806558.729,-1.996,3.275,0.269
1689806558.729,-1.854,2.961,0.351
1689806558.789,-1.637,2.744,0.807
1689806558.789,-1.697,2.647,1.166
1689806558.789,-1.824,2.744,1.383
1689806558.836,-2.049,2.512,1.667
1689806558.836,-1.981,2.871,1.922
1689806558.836,-1.563,3.058,2.153
1689806558.897,-1.495,2.849,1.525
1689806558.897,-1.809,2.931,1.480
1689806558.897,-2.146,3.574,1.622
1689806558.958,-2.011,4.157,1.608
1689806558.958,-2.071,4.090,1.413
1689806558.958,-2.273,3.933,1.249
1689806559.014,-2.460,3.507,1.032
1689806559.014,-2.437,2.998,0.628
1689806559.014,-2.707,2.677,0.740
1689806559.059,-2.258,2.579,0.897
1689806559.059,-2.303,2.475,0.935
1689806559.059,-1.907,2.475,1.032
1689806559.121,-2.019,1.847,0.845
1689806559.121,-2.535,1.787,0.800
1689806559.121,-2.864,1.518,0.613
1689806559.182,-2.639,1.667,0.830
1689806559.182,-2.811,1.996,0.890
1689806559.182,-2.946,2.056,0.479
1689806559.239,-3.080,1.907,-0.052
1689806559.239,-2.946,2.034,0.082
1689806559.239,-2.968,2.408,0.209
1689806559.284,-2.796,2.116,-0.097
1689806559.284,-2.467,1.996,-0.501
1689806559.284,-2.094,0.000,-0.374
1689806559.344,-1.817,2.116,-0.007
1689806559.344,-2.041,2.191,0.277
1689806559.344,-2.251,2.146,0.449
1689806559.406,-2.161,2.310,0.598
1689806559.406,-2.041,2.662,1.122
1689806559.406,-2.101,2.744,1.279
1689806559.467,-2.303,2.774,1.032
1689806559.467,-2.408,3.260,1.092
1689806559.467,-2.273,3.978,1.645
1689806559.512,-1.832,4.434,1.518
1689806559.512,-2.251,4.456,1.750
1689806559.512,-2.512,3.686,1.293
1689806559.569,-2.094,2.879,1.009
1689806559.569,-2.019,2.729,1.136
1689806559.569,-1.869,2.475,1.002
1689806559.629,-1.727,2.422,0.979
1689806559.629,-1.600,2.385,1.054
1689806559.629,-1.286,2.251,1.316
1689806559.690,-2.108,1.951,1.361
1689806559.690,-2.288,1.869,1.226
1689806559.690,-2.161,0.000,0.905
1689806559.750,-2.236,2.490,1.077
1689806559.750,-2.908,3.260,0.628
1689806559.750,-2.647,3.170,0.090
1689806559.810,-2.572,3.118,-0.389
1689806559.810,-2.079,3.163,-0.135
1689806559.810,-2.123,3.036,-0.007
1689806559.854,-2.026,3.080,0.037
1689806559.854,-2.243,2.766,0.658
1689806559.854,-2.049,2.841,1.077
1689806559.914,-2.161,3.065,1.398
1689806559.914,-2.497,2.796,1.421
1689806559.914,-2.430,3.133,1.443
1689806559.974,-2.303,3.290,1.705
1689806559.974,-1.832,3.178,1.720
1689806559.974,-1.862,3.163,1.062
1689806560.022,-2.385,3.148,0.538
1689806560.022,-2.168,3.716,0.703
1689806560.022,-1.981,4.247,0.882
1689806560.079,-2.295,4.351,0.882
1689806560.079,-2.744,3.723,0.950
1689806560.079,-2.684,3.013,0.905
1689806560.139,-2.198,2.550,1.107
1689806560.139,-1.675,2.236,1.174
1689806560.139,-1.772,2.325,1.166
1689806560.199,-1.794,2.333,1.189
1689806560.199,-1.765,2.572,1.622
1689806560.199,-1.922,2.198,1.421
1689806560.246,-2.108,1.959,0.979
1689806560.246,-2.236,2.176,0.628
1689806560.246,-2.123,2.669,0.464
1689806560.307,-2.064,3.409,0.449
1689806560.307,-2.452,3.634,0.449
1689806560.307,-2.385,3.394,0.329
1689806560.364,-2.482,2.953,0.538
1689806560.364,-2.108,2.602,0.718
1689806560.364,-1.854,2.445,0.830
1689806560.424,-1.660,2.505,0.905
1689806560.424,-1.877,2.408,1.249
1689806560.424,-1.570,2.565,1.323
1689806560.484,-1.555,2.677,1.279
1689806560.484,-1.787,2.647,1.107
1689806560.484,-2.161,2.834,1.107
1689806560.531,-2.146,2.946,1.144
1689806560.531,-2.258,2.946,1.488
1689806560.531,-2.213,2.677,1.204
1689806560.606,-2.393,2.991,0.718
1689806560.606,-2.617,3.604,0.860
1689806560.606,-2.094,4.052,0.882
1689806560.649,-1.929,4.396,0.845
1689806560.649,-2.310,4.381,0.965
1689806560.649,-2.579,4.120,0.875
1689806560.724,-2.146,3.634,1.002
1689806560.724,-2.146,3.604,1.286
1689806560.724,-1.966,3.193,1.279
1689806560.769,-1.787,2.946,1.092
1689806560.769,-2.019,2.961,1.226
1689806560.769,-1.914,2.938,1.488
1689806560.819,-2.026,2.587,1.293
1689806560.819,-2.273,2.408,0.987
1689806560.819,-2.565,2.669,0.703
1689806560.875,-2.400,3.013,0.501
1689806560.875,-2.370,3.350,0.262
1689806560.875,-2.475,3.574,0.150
1689806560.934,-2.430,3.365,-0.179
1689806560.934,-2.445,3.021,-0.157
1689806560.934,-2.273,2.751,-0.194
1689806560.994,-2.385,2.707,0.194
1689806560.994,-2.213,2.617,0.359
1689806560.994,-1.989,2.609,0.628
1689806561.039,-2.079,2.662,0.935
1689806561.039,-2.064,2.938,0.770
1689806561.039,-1.839,3.230,1.151
1689806561.102,-1.892,3.245,1.069
1689806561.102,-1.944,3.417,1.196
1689806561.102,-2.213,3.507,1.249
1689806561.159,-1.914,3.380,1.652
1689806561.159,-1.690,3.454,1.765
1689806561.159,-1.966,3.275,1.293
1689806561.219,-2.280,3.140,1.181
1689806561.219,-2.116,3.387,1.323
1689806561.219,-1.570,3.806,1.249
1689806561.264,-1.884,4.337,1.316
1689806561.264,-2.228,3.798,0.912
1689806561.264,-2.333,3.028,0.875
1689806561.324,-2.191,2.819,1.054
1689806561.324,-1.510,2.864,0.987
1689806561.324,-1.548,2.804,1.338
1689806561.387,-2.041,2.737,1.346
1689806561.387,-1.682,2.677,1.054
1689806561.387,-1.787,2.729,0.979
1689806561.444,-2.086,2.348,0.830
1689806561.444,-2.153,2.183,0.493
1689806561.444,-1.802,2.714,0.479
1689806561.489,-2.280,3.320,0.247
1689806561.489,-2.490,3.641,0.105
1689806561.489,-2.759,3.768,-0.022
1689806561.549,-2.490,3.694,0.030
1689806561.549,-2.273,3.529,0.097
1689806561.549,-1.877,3.290,0.052
1689806561.609,-2.146,3.095,0.269
1689806561.609,-2.138,2.871,0.434
1689806561.609,-2.116,2.774,0.426
1689806561.684,-1.839,2.841,0.374
1689806561.684,-2.019,3.103,0.650
1689806561.684,-2.183,3.312,0.688
1689806561.717,-2.213,3.394,0.725
1689806561.717,-2.183,3.185,0.673
1689806561.717,-2.340,3.148,0.755
1689806561.804,-1.907,3.006,1.032
1689806561.804,-1.488,2.535,0.740
1689806561.804,-1.690,2.505,0.456
1689806561.834,-2.004,2.908,0.546
1689806561.834,-1.959,3.230,1.039
1689806561.834,-1.615,3.559,1.323
1689806561.894,-1.787,3.836,1.383
1689806561.894,-2.512,3.649,1.398
1689806561.894,-2.310,3.036,1.054
1689806561.944,-2.288,2.826,0.800
1689806561.944,-1.884,3.073,0.890
1689806561.944,-1.615,3.394,0.994
1689806562.000,-1.353,3.163,0.972
1689806562.000,-1.301,3.080,1.361
1689806562.000,-1.697,2.729,1.593
1689806562.059,-2.310,2.310,1.338
1689806562.059,-2.228,2.325,1.107
1689806562.059,-1.563,2.737,0.897
1689806562.121,-1.757,3.155,0.882
1689806562.121,-1.951,3.454,0.680
1689806562.121,-1.824,3.252,0.179
1689806562.180,-2.101,2.789,0.224
1689806562.180,-2.071,2.879,0.471
1689806562.180,-1.720,3.028,0.501
1689806562.227,-2.056,2.871,0.366
1689806562.227,-2.056,2.766,0.486
1689806562.227,-2.131,2.774,0.695
1689806562.284,-1.907,2.841,1.062
1689806562.284,-1.817,2.901,1.563
1689806562.284,-1.742,2.632,1.720
1689806562.344,-2.370,2.654,1.421
1689806562.344,-2.019,2.968,1.974
1689806562.344,-1.458,3.178,1.922
1689806562.406,-1.735,3.178,1.690
1689806562.406,-1.989,3.581,1.585
1689806562.406,-1.936,3.843,1.555
1689806562.467,-1.847,4.269,1.600
1689806562.467,-1.981,4.479,1.832
1689806562.467,-2.520,4.097,1.593
1689806562.525,-2.894,3.432,1.286
1689806562.525,-2.669,3.051,0.807
1689806562.525,-2.378,3.230,1.099
1689806562.569,-2.064,3.178,0.815
1689806562.569,-1.824,3.252,0.613
1689806562.569,-1.907,3.043,0.613
1689806562.629,-1.914,2.430,0.905
1689806562.629,-2.393,2.056,0.815
1689806562.629,-2.684,1.712,0.695
1689806562.690,-2.318,2.034,0.523
1689806562.690,-2.295,2.393,0.785
1689806562.690,-2.774,2.744,0.688
1689806562.751,-3.133,2.894,0.591
1689806562.751,-3.006,2.819,0.479
1689806562.751,-2.542,2.804,0.628
1689806562.798,-2.318,2.729,0.643
1689806562.798,-2.355,2.737,0.531
1689806562.798,-2.677,2.766,0.695
1689806562.854,-2.789,2.639,0.763
1689806562.854,-2.527,2.632,0.830
1689806562.854,-2.363,2.624,0.912
1689806562.914,-2.265,2.751,1.099
1689806562.914,-2.437,2.871,1.024
1689806562.914,-2.467,2.834,1.151
1689806562.961,-2.161,2.796,1.009
1689806562.961,-2.168,2.789,1.323
1689806562.961,-2.594,2.677,0.852
1689806563.051,-2.632,2.617,0.434
1689806563.051,-2.295,3.036,0.613
1689806563.051,-2.026,3.297,0.800
1689806563.079,-2.490,3.208,0.882
1689806563.079,-2.856,2.871,0.628
1689806563.079,-2.639,2.430,0.493
1689806563.139,-2.385,2.236,0.845
1689806563.139,-2.198,2.011,0.867
1689806563.139,-1.996,2.026,0.793
1689806563.199,-2.363,2.422,0.867
1689806563.199,-2.108,2.475,1.465
1689806563.199,-2.243,2.467,1.697
